-0.0018478 -0.0095394 0.992141
-0.00222025 -0.00977627 0.992053
-0.00199459 -0.00986369 0.991949
-0.000581561 -0.00966222 0.991821
0.0025913 -0.00903986 0.991662
0.00807241 -0.00787416 0.991465
0.0163777 -0.00605486 0.991228
0.027981 -0.00348699 0.990948
0.0433035 -9.44715e-05 0.990628
0.0627024 0.00417594 0.990268
0.0864586 0.00935038 0.989874
0.114765 0.0154235 0.989453
0.147715 0.0223545 0.989012
0.185291 0.0300629 0.988563
0.227359 0.0384265 0.988118
0.27366 0.0472791 0.98769
0.323814 0.056412 0.987293
0.377323 0.0655761 0.986942
0.433588 0.0744896 0.98665
0.491933 0.0828489 0.986429
0.551641 0.0903451 0.986289
0.612009 0.0966875 0.986237
0.672421 0.101636 0.986274
0.732438 0.105041 0.986396
0.791919 0.106896 0.986594
0.851168 0.107407 0.986849
0.846 0.102884 0.981743
0.872075 0.102728 0.981702
0.898201 0.10257 0.981661
0.92443 0.102408 0.981619
0.950812 0.102238 0.981576
0.977395 0.102056 0.981532
1.00423 0.101861 0.981487
1.03136 0.10165 0.981442
1.05883 0.101418 0.981397
1.08668 0.101165 0.981352
1.11496 0.100886 0.981307
1.1437 0.100579 0.981264
1.17294 0.100243 0.981221
1.20272 0.0998741 0.981181
1.23307 0.0994708 0.981144
1.26401 0.0990312 0.981111
1.29557 0.0985536 0.981082
1.32778 0.0980364 0.981058
1.36065 0.0974785 0.981041
1.3942 0.0968788 0.981031
1.42844 0.0962368 0.98103
1.46337 0.095552 0.981038
1.49899 0.0948243 0.981057
1.53532 0.0940541 0.981088
1.57232 0.0932419 0.981133
1.61 0.0923887 0.981192
1.64833 0.0914958 0.981266
1.68729 0.090565 0.981357
1.72685 0.0895982 0.981467
1.76697 0.0885982 0.981595
1.80761 0.0875676 0.981743
1.84872 0.0865097 0.981911
1.89025 0.0854283 0.982101
1.93214 0.0843273 0.982313
1.97432 0.0832112 0.982547
2.01672 0.0820847 0.982804
2.05926 0.0809529 0.983084
2.10187 0.0798212 0.983385
2.14445 0.0786954 0.983709
2.18692 0.0775813 0.984054
2.22918 0.0764852 0.984419
2.27113 0.0754133 0.984802
2.31268 0.0743721 0.985204
2.35373 0.0733679 0.985621
2.39417 0.0724073 0.986051
2.43392 0.0714965 0.986494
2.47288 0.0706416 0.986945
2.51096 0.0698484 0.987402
2.54808 0.0691221 0.987862
2.58417 0.0684677 0.988322
2.61917 0.0678891 0.98878
2.65305 0.0673896 0.989232
2.68576 0.0669715 0.989675
2.71731 0.0666357 0.990107
2.74771 0.0663818 0.990524
2.77701 0.0662078 0.990925
2.8053 0.0661098 0.991308
2.83268 0.0660818 0.991673
2.85932 0.0661153 0.99202
2.88542 0.0661993 0.99235
2.91126 0.0663195 0.992666
2.90573 0.0630087 0.99066
2.93267 0.0628562 0.990654
2.95966 0.0627068 0.990647
2.98674 0.0625622 0.990638
3.01398 0.062424 0.990626
3.04141 0.0622936 0.990611
3.06909 0.0621722 0.990591
3.09704 0.0620608 0.990567
3.12533 0.0619606 0.990537
3.15399 0.0618723 0.990501
3.18305 0.0617967 0.990459
3.21257 0.0617342 0.99041
3.24256 0.0616855 0.990354
3.27307 0.0616507 0.990292
3.30412 0.0616301 0.990223
3.33574 0.0616239 0.990147
3.36795 0.0616319 0.990066
3.40078 0.061654 0.989978
3.43423 0.0616901 0.989886
3.46832 0.0617397 0.989789
3.50306 0.0618024 0.989689
3.53845 0.0618777 0.989586
3.57449 0.061965 0.989482
3.61117 0.0620635 0.989377
3.64848 0.0621725 0.989274
3.68641 0.0622911 0.989172
3.72492 0.0624184 0.989075
3.76399 0.0625534 0.988983
3.80359 0.0626952 0.988897
3.84368 0.0628426 0.98882
3.88421 0.0629946 0.988752
3.92512 0.0631501 0.988696
3.96636 0.063308 0.988653
4.00787 0.0634672 0.988625
4.04957 0.0636265 0.988612
4.09139 0.063785 0.988616
4.13325 0.0639416 0.988639
4.17506 0.0640953 0.988682
4.21673 0.0642453 0.988745
4.25818 0.0643906 0.98883
4.29931 0.0645304 0.988936
4.34002 0.0646642 0.989065
4.38022 0.0647914 0.989216
4.41981 0.0649114 0.98939
4.45871 0.0650239 0.989587
4.49681 0.0651286 0.989805
4.53405 0.0652256 0.990044
4.57035 0.0653148 0.990303
4.60565 0.0653963 0.990581
4.6399 0.0654704 0.990876
4.67307 0.0655375 0.991186
4.70516 0.0655981 0.991509
4.73616 0.0656527 0.991844
4.76613 0.0657021 0.992188
4.79514 0.0657468 0.992539
4.82331 0.0657876 0.992894
4.85077 0.0658252 0.993252
4.87774 0.0658602 0.993609
4.90448 0.0658931 0.993966
4.89989 0.0625524 0.992597
4.9338 0.0624201 0.992618
4.96782 0.0622917 0.992579
5.00203 0.0621678 0.992422
5.03654 0.062049 0.992089
5.07144 0.0619354 0.991527
5.1068 0.061827 0.990684
5.14272 0.0617236 0.989512
5.17926 0.0616248 0.987966
5.21648 0.0615302 0.986006
5.25445 0.0614389 0.983595
5.29321 0.0613504 0.980703
5.3328 0.0612637 0.977306
5.37324 0.0611778 0.973384
5.41455 0.0610918 0.968929
5.45673 0.0610044 0.963935
5.49976 0.0609146 0.958409
5.54362 0.060821 0.952364
5.58827 0.0607224 0.945825
5.63365 0.0606173 0.938826
5.67967 0.0605043 0.931413
5.72624 0.0603817 0.923641
5.77324 0.0602481 0.91558
5.82055 0.0601016 0.907309
5.868 0.0599405 0.898921
5.91543 0.0597629 0.890521
5.96264 0.0595668 0.882225
6.00943 0.0593503 0.874162
6.05556 0.0591113 0.866473
6.10079 0.0588475 0.859305
6.14487 0.0585569 0.852819
6.18753 0.0582371 0.84718
6.2285 0.0578862 0.84256
6.26751 0.0575018 0.839133
6.30428 0.057082 0.837075
6.33855 0.0566249 0.836555
6.37007 0.0561289 0.837738
6.39861 0.0555926 0.840775
6.42399 0.0550151 0.8458
6.44606 0.0543958 0.85292
6.46472 0.0537349 0.862214
6.47997 0.0530333 0.873719
6.49187 0.0522927 0.887426
6.50058 0.0515162 0.903261
6.50642 0.0507078 0.921086
6.50981 0.0498731 0.940674
6.51139 0.0490196 0.961703
6.50095 0.0509907 0.959229
6.49349 0.0494065 0.953717
6.51619 0.026514 0.954004
6.53914 0.00333787 0.956039
6.5626 -0.0204031 0.961508
6.58677 -0.0449754 0.971989
6.61184 -0.070618 0.988908
6.63792 -0.0975265 1.01349
6.6651 -0.125835 1.04672
6.69336 -0.155595 1.08925
6.72263 -0.186756 1.14135
6.75275 -0.219146 1.20287
6.78342 -0.25245 1.27311
6.81426 -0.2862 1.35086
6.84473 -0.31977 1.43431
6.8742 -0.352383 1.52109
6.90193 -0.383134 1.60835
6.9271 -0.411039 1.69286
6.94891 -0.43511 1.77125
6.96661 -0.454466 1.84035
6.9797 -0.468493 1.89766
6.98808 -0.477055 1.94204
6.99226 -0.480775 1.9745
6.97418 -0.484403 1.97046
6.95901 -0.482579 1.96376
6.97584 -0.500127 1.96372
6.99284 -0.517755 1.96414
7.0102 -0.535543 1.96548
7.02811 -0.553569 1.96819
7.04673 -0.571905 1.97266
7.06624 -0.590618 1.97928
7.08678 -0.609763 1.98838
7.1085 -0.629385 2.00024
7.13154 -0.64951 2.01508
7.15599 -0.670144 2.03308
7.18197 -0.691272 2.05431
7.20953 -0.712845 2.07875
7.23873 -0.734787 2.10629
7.26958 -0.75698 2.13672
7.30205 -0.779273 2.16969
7.3361 -0.80147 2.20475
7.37164 -0.823334 2.24133
7.40853 -0.844592 2.27872
7.44662 -0.864932 2.31613
7.48571 -0.884018 2.35267
7.52559 -0.901498 2.38739
7.566 -0.917025 2.41934
7.60673 -0.930277 2.4476
7.64757 -0.940987 2.47137
7.68834 -0.948989 2.49003
7.72899 -0.954259 2.50332
7.76955 -0.956982 2.51143
7.81027 -0.957624 2.51517
7.79433 -0.962132 2.50946
7.81954 -0.962311 2.5094
7.84482 -0.962468 2.50934
7.87027 -0.962585 2.50927
7.89594 -0.962647 2.50919
7.92192 -0.962639 2.5091
7.94827 -0.962547 2.50899
7.97506 -0.96236 2.50887
8.00237 -0.962066 2.50873
8.03024 -0.961656 2.50856
8.05873 -0.961121 2.50837
8.08791 -0.960455 2.50815
8.11782 -0.959652 2.50791
8.14849 -0.95871 2.50763
8.17997 -0.957626 2.50732
8.21228 -0.956401 2.50698
8.24545 -0.955037 2.5066
8.27949 -0.953537 2.50619
8.31441 -0.951906 2.50575
8.35021 -0.950152 2.50527
8.38687 -0.948285 2.50477
8.42437 -0.946316 2.50423
8.46269 -0.944256 2.50368
8.50177 -0.942122 2.5031
8.54157 -0.939929 2.50251
8.58202 -0.937694 2.5019
8.62304 -0.935437 2.5013
8.66456 -0.933178 2.5007
8.70646 -0.930938 2.50011
8.74865 -0.928738 2.49955
8.79101 -0.926602 2.49901
8.83341 -0.92455 2.49852
8.87574 -0.922606 2.49808
8.91785 -0.920792 2.49769
8.95962 -0.919126 2.49738
9.00091 -0.91763 2.49716
9.0416 -0.916319 2.49702
9.08158 -0.915209 2.49699
9.12073 -0.914312 2.49707
9.15898 -0.913634 2.49726
9.19629 -0.913179 2.49758
9.23262 -0.912946 2.49801
9.268 -0.912928 2.49857
9.30252 -0.913109 2.49923
9.33631 -0.913468 2.5
9.36959 -0.913975 2.50085
9.40268 -0.91459 2.50177
9.38937 -0.916203 2.49578
9.41626 -0.916346 2.49575
9.44321 -0.916485 2.49572
9.47027 -0.916618 2.4957
9.49747 -0.916743 2.49567
9.52487 -0.91686 2.49564
9.55253 -0.916968 2.49561
9.58048 -0.917066 2.49559
9.60876 -0.917154 2.49556
9.63743 -0.917233 2.49554
9.66652 -0.917302 2.49551
9.69607 -0.917362 2.49549
9.72612 -0.917415 2.49546
9.75669 -0.917462 2.49544
9.78782 -0.917505 2.49541
9.81954 -0.917546 2.49538
9.85188 -0.917586 2.49535
9.88484 -0.917629 2.49532
9.91845 -0.917676 2.49529
9.95272 -0.917731 2.49526
9.98767 -0.917796 2.49523
10.0233 -0.917874 2.49519
10.0596 -0.917969 2.49516
10.0965 -0.918084 2.49513
10.1341 -0.918221 2.49509
10.1724 -0.918384 2.49506
10.2113 -0.918575 2.49503
10.2507 -0.918798 2.49501
10.2907 -0.919054 2.49498
10.3312 -0.919346 2.49497
10.3722 -0.919676 2.49495
10.4136 -0.920046 2.49495
10.4554 -0.920457 2.49495
10.4974 -0.920909 2.49496
10.5397 -0.921403 2.49499
10.5821 -0.921938 2.49502
10.6245 -0.922513 2.49508
10.6669 -0.923127 2.49514
10.7092 -0.923778 2.49523
10.7513 -0.924464 2.49533
10.793 -0.925179 2.49546
10.8344 -0.925921 2.4956
10.8752 -0.926684 2.49578
10.9154 -0.927464 2.49597
10.9548 -0.928254 2.4962
10.9935 -0.929048 2.49645
11.0312 -0.92984 2.49673
11.068 -0.930622 2.49704
11.1038 -0.931388 2.49738
11.1384 -0.93213 2.49774
11.172 -0.932843 2.49814
11.2043 -0.93352 2.49857
11.2356 -0.934156 2.49902
11.2657 -0.934747 2.4995
11.2948 -0.93529 2.5
11.3231 -0.935785 2.50052
11.3505 -0.936235 2.50106
11.3775 -0.936644 2.50161
11.4041 -0.937021 2.50216
11.3903 -0.938769 2.49569
11.4172 -0.938911 2.49567
11.4441 -0.939045 2.49565
11.4711 -0.939168 2.49563
11.4983 -0.939276 2.49561
11.5257 -0.939365 2.4956
11.5533 -0.939432 2.49558
11.5813 -0.939474 2.49557
11.6095 -0.93949 2.49557
11.6382 -0.939477 2.49556
11.6672 -0.939435 2.49556
11.6967 -0.939363 2.49555
11.7267 -0.939259 2.49556
11.7573 -0.939125 2.49556
11.7884 -0.938961 2.49556
11.82 -0.938767 2.49557
11.8523 -0.938546 2.49558
11.8852 -0.938299 2.49559
11.9188 -0.938029 2.4956
11.953 -0.937738 2.49561
11.9879 -0.937428 2.49563
12.0235 -0.937104 2.49564
12.0597 -0.936769 2.49566
12.0966 -0.936426 2.49568
12.1342 -0.936081 2.4957
12.1724 -0.935737 2.49572
12.2112 -0.935398 2.49575
12.2506 -0.935068 2.49578
12.2906 -0.934754 2.49581
12.3311 -0.934458 2.49585
12.372 -0.934185 2.4959
12.4134 -0.933939 2.49595
12.4551 -0.933725 2.49601
12.4971 -0.933545 2.49607
12.5394 -0.933404 2.49615
12.5818 -0.933303 2.49624
12.6242 -0.933246 2.49634
12.6666 -0.933234 2.49645
12.7089 -0.933268 2.49658
12.751 -0.93335 2.49672
12.7928 -0.93348 2.49688
12.8342 -0.933656 2.49706
12.875 -0.933878 2.49726
12.9153 -0.934143 2.49748
12.9548 -0.934449 2.49772
12.9935 -0.934793 2.49798
13.0314 -0.935169 2.49827
13.0682 -0.935575 2.49858
13.104 -0.936004 2.49891
13.1388 -0.936451 2.49927
13.1723 -0.93691 2.49965
13.2048 -0.937377 2.50006
13.2361 -0.937844 2.50048
13.2663 -0.938307 2.50093
13.2955 -0.93876 2.50139
13.3238 -0.939202 2.50187
13.3513 -0.939628 2.50236
13.3783 -0.940038 2.50286
13.405 -0.940435 2.50336
13.3905 -0.941908 2.49631
13.4174 -0.942046 2.49628
13.4443 -0.942176 2.49625
13.4713 -0.942294 2.49623
13.4984 -0.942395 2.4962
13.5258 -0.942475 2.49618
13.5534 -0.942533 2.49617
13.5813 -0.942564 2.49616
13.6095 -0.942567 2.49615
13.6382 -0.942539 2.49615
13.6672 -0.942481 2.49616
13.6967 -0.94239 2.49617
13.7267 -0.942267 2.49619
13.7572 -0.942113 2.49621
13.7883 -0.941928 2.49624
13.8199 -0.941713 2.49627
13.8522 -0.94147 2.49631
13.8851 -0.941203 2.49636
13.9186 -0.940912 2.4964
13.9528 -0.940603 2.49646
13.9877 -0.940277 2.49652
14.0233 -0.93994 2.49658
14.0595 -0.939595 2.49665
14.0964 -0.939248 2.49673
14.134 -0.938901 2.49681
14.1722 -0.938562 2.4969
14.211 -0.938234 2.49699
14.2504 -0.937922 2.49709
14.2904 -0.937632 2.49719
14.3309 -0.937368 2.4973
14.3719 -0.937135 2.49742
14.4133 -0.936938 2.49755
14.4551 -0.936781 2.49769
14.4972 -0.936667 2.49783
14.5395 -0.9366 2.49799
14.5819 -0.936582 2.49815
14.6245 -0.936616 2.49833
14.667 -0.936704 2.49852
14.7094 -0.936845 2.49873
14.7516 -0.937041 2.49895
14.7935 -0.937289 2.49918
14.8349 -0.93759 2.49943
14.8759 -0.937939 2.49969
14.9163 -0.938335 2.49998
14.9559 -0.938772 2.50028
14.9948 -0.939246 2.5006
15.0327 -0.939751 2.50094
15.0697 -0.940282 2.50129
15.1057 -0.94083 2.50167
15.1405 -0.94139 2.50207
15.1742 -0.941954 2.50248
15.2068 -0.942514 2.50291
15.2382 -0.943065 2.50336
15.2684 -0.943599 2.50382
15.2977 -0.944113 2.5043
15.326 -0.944601 2.50479
15.3536 -0.945063 2.50528
15.3806 -0.945499 2.50578
15.4074 -0.945913 2.50628
15.3922 -0.947627 2.49834
15.4191 -0.947756 2.49831
15.446 -0.947877 2.49828
15.473 -0.947984 2.49826
15.5001 -0.948072 2.49824
15.5275 -0.948138 2.49822
15.555 -0.948177 2.49821
15.5829 -0.948186 2.49821
15.6112 -0.948163 2.49821
15.6397 -0.948106 2.49822
15.6688 -0.948013 2.49824
15.6982 -0.947883 2.49826
15.7282 -0.947717 2.49829
15.7587 -0.947515 2.49833
15.7897 -0.947278 2.49837
15.8214 -0.947007 2.49842
15.8536 -0.946704 2.49848
15.8864 -0.946372 2.49854
15.92 -0.946014 2.49861
15.9541 -0.945634 2.49869
15.989 -0.945237 2.49877
16.0245 -0.944825 2.49886
16.0607 -0.944405 2.49895
16.0975 -0.943981 2.49905
16.135 -0.94356 2.49916
16.1732 -0.943145 2.49927
16.212 -0.942744 2.49939
16.2514 -0.942362 2.49951
16.2913 -0.942005 2.49964
16.3318 -0.941678 2.49977
16.3728 -0.941386 2.49992
16.4141 -0.941136 2.50007
16.4559 -0.940931 2.50023
16.498 -0.940776 2.50039
16.5403 -0.940674 2.50057
16.5827 -0.94063 2.50075
16.6253 -0.940644 2.50095
16.6678 -0.94072 2.50115
16.7102 -0.940858 2.50137
16.7524 -0.941057 2.5016
16.7943 -0.941317 2.50184
16.8359 -0.941636 2.5021
16.8769 -0.942011 2.50237
16.9173 -0.942438 2.50265
16.957 -0.942912 2.50296
16.9959 -0.943428 2.50328
17.0339 -0.943978 2.50361
17.071 -0.944557 2.50396
17.1069 -0.945154 2.50434
17.1418 -0.945764 2.50472
17.1756 -0.946376 2.50513
17.2082 -0.946983 2.50555
17.2396 -0.947577 2.50599
17.27 -0.948151 2.50644
17.2993 -0.948699 2.5069
17.3276 -0.949217 2.50737
17.3552 -0.949702 2.50785
17.3823 -0.950157 2.50833
17.409 -0.950586 2.5088
17.3932 -0.95253 2.49997
17.42 -0.952651 2.49994
17.4469 -0.952762 2.49992
17.4739 -0.952858 2.4999
17.501 -0.952935 2.49988
17.5284 -0.952986 2.49987
17.5559 -0.953008 2.49986
17.5838 -0.952997 2.49987
17.612 -0.952951 2.49988
17.6406 -0.952868 2.4999
17.6696 -0.952745 2.49992
17.6991 -0.952582 2.49996
17.729 -0.95238 2.50001
17.7595 -0.952137 2.50006
17.7905 -0.951856 2.50013
17.8221 -0.951538 2.5002
17.8543 -0.951186 2.50028
17.8871 -0.950802 2.50037
17.9206 -0.95039 2.50046
17.9548 -0.949955 2.50057
17.9896 -0.949501 2.50068
18.025 -0.949033 2.5008
18.0612 -0.948556 2.50093
18.098 -0.948077 2.50106
18.1355 -0.947601 2.5012
18.1737 -0.947135 2.50135
18.2124 -0.946685 2.5015
18.2518 -0.946258 2.50166
18.2917 -0.94586 2.50183
18.3322 -0.945497 2.502
18.3731 -0.945175 2.50218
18.4145 -0.944901 2.50236
18.4563 -0.944678 2.50256
18.4984 -0.944513 2.50276
18.5407 -0.944409 2.50296
18.5832 -0.944369 2.50318
18.6257 -0.944396 2.5034
18.6683 -0.944492 2.50364
18.7107 -0.944658 2.50388
18.753 -0.944892 2.50414
18.795 -0.945195 2.5044
18.8366 -0.945562 2.50468
18.8776 -0.945991 2.50497
18.9181 -0.946478 2.50527
18.9579 -0.947015 2.50558
18.9969 -0.947598 2.50591
19.035 -0.948216 2.50625
19.0721 -0.948863 2.50661
19.1082 -0.949529 2.50698
19.1431 -0.950205 2.50737
19.1769 -0.950881 2.50777
19.2096 -0.951547 2.50819
19.2411 -0.952194 2.50861
19.2715 -0.952815 2.50905
19.3008 -0.953402 2.5095
19.3292 -0.953952 2.50996
19.3568 -0.954463 2.51042
19.3839 -0.954937 2.51088
19.4106 -0.955379 2.51133
19.3956 -0.95655 2.50152
19.4224 -0.956673 2.50149
19.4493 -0.956785 2.50146
19.4763 -0.956882 2.50143
19.5035 -0.956956 2.50141
19.5308 -0.957003 2.5014
19.5584 -0.957018 2.50139
19.5862 -0.956998 2.50139
19.6144 -0.956939 2.50141
19.643 -0.956839 2.50143
19.672 -0.956696 2.50147
19.7014 -0.956509 2.50151
19.7314 -0.956279 2.50157
19.7618 -0.956005 2.50164
19.7928 -0.95569 2.50172
19.8244 -0.955334 2.50181
19.8566 -0.954941 2.50191
19.8894 -0.954514 2.50202
19.9228 -0.954057 2.50215
19.9569 -0.953575 2.50228
19.9917 -0.953073 2.50242
20.0272 -0.952556 2.50258
20.0633 -0.952031 2.50274
20.1001 -0.951504 2.5029
20.1376 -0.950982 2.50308
20.1757 -0.950471 2.50327
20.2144 -0.94998 2.50346
20.2538 -0.949514 2.50366
20.2937 -0.949082 2.50386
20.3341 -0.94869 2.50408
20.3751 -0.948344 2.5043
20.4164 -0.948051 2.50452
20.4582 -0.947816 2.50476
20.5003 -0.947646 2.505
20.5426 -0.947543 2.50524
20.5851 -0.947512 2.5055
20.6277 -0.947555 2.50576
20.6703 -0.947675 2.50603
20.7128 -0.947871 2.5063
20.7551 -0.948142 2.50659
20.7971 -0.948488 2.50688
20.8387 -0.948905 2.50718
20.8799 -0.949389 2.50749
20.9204 -0.949934 2.50782
20.9602 -0.950534 2.50815
20.9993 -0.95118 2.5085
21.0374 -0.951864 2.50885
21.0746 -0.952576 2.50922
21.1108 -0.953306 2.5096
21.1458 -0.954042 2.51
21.1797 -0.954773 2.51041
21.2124 -0.95549 2.51083
21.2439 -0.956181 2.51126
21.2744 -0.956838 2.5117
21.3037 -0.957454 2.51216
21.3321 -0.958023 2.51262
21.3598 -0.958545 2.51309
21.3868 -0.959022 2.51357
21.4136 -0.959461 2.51404
21.3963 -0.960272 2.50352
21.4231 -0.960396 2.50349
21.45 -0.960509 2.50345
21.477 -0.960605 2.50343
21.5041 -0.960678 2.50341
21.5314 -0.960723 2.5034
21.559 -0.960734 2.5034
21.5868 -0.960707 2.50341
21.615 -0.96064 2.50343
21.6436 -0.960529 2.50346
21.6725 -0.960373 2.50351
21.702 -0.960172 2.50358
21.7319 -0.959924 2.50365
21.7623 -0.959631 2.50374
21.7932 -0.959294 2.50385
21.8248 -0.958916 2.50397
21.8569 -0.9585 2.5041
21.8897 -0.958049 2.50425
21.9231 -0.957568 2.50441
21.9572 -0.957062 2.50458
21.9919 -0.956536 2.50476
22.0273 -0.955997 2.50496
22.0634 -0.955453 2.50517
22.1001 -0.954909 2.50538
22.1375 -0.954373 2.50561
22.1756 -0.953853 2.50585
22.2143 -0.953356 2.5061
22.2535 -0.952891 2.50635
22.2934 -0.952465 2.50661
22.3338 -0.952084 2.50688
22.3747 -0.951758 2.50716
22.416 -0.951492 2.50744
22.4578 -0.951291 2.50774
22.4998 -0.951163 2.50803
22.5421 -0.95111 2.50834
22.5846 -0.951137 2.50864
22.6272 -0.951246 2.50896
22.6697 -0.951439 2.50928
22.7122 -0.951716 2.5096
22.7546 -0.952075 2.50994
22.7966 -0.952515 2.51027
22.8382 -0.953031 2.51062
22.8794 -0.953619 2.51097
22.92 -0.954271 2.51132
22.9599 -0.95498 2.51168
22.9989 -0.955736 2.51205
23.0371 -0.95653 2.51243
23.0744 -0.95735 2.51281
23.1106 -0.958183 2.5132
23.1456 -0.959019 2.5136
23.1796 -0.959844 2.514
23.2123 -0.960646 2.51441
23.2439 -0.961415 2.51483
23.2744 -0.96214 2.51525
23.3038 -0.962813 2.51568
23.3322 -0.963431 2.51611
23.3599 -0.963991 2.51653
23.3869 -0.964497 2.51696
23.4137 -0.964959 2.51738
23.3978 -0.967812 2.50631
23.4247 -0.967899 2.50628
23.4516 -0.967974 2.50625
23.4785 -0.968031 2.50622
23.5057 -0.968063 2.50621
23.533 -0.968064 2.5062
23.5606 -0.968028 2.5062
23.5885 -0.967952 2.50622
23.6167 -0.967832 2.50624
23.6453 -0.967665 2.50629
23.6742 -0.967451 2.50634
23.7037 -0.967187 2.50641
23.7336 -0.966875 2.50649
23.764 -0.966515 2.50659
23.795 -0.966108 2.50671
23.8265 -0.965658 2.50683
23.8587 -0.965168 2.50697
23.8915 -0.964643 2.50713
23.9249 -0.964086 2.5073
23.959 -0.963505 2.50748
23.9937 -0.962905 2.50767
24.0291 -0.962293 2.50788
24.0652 -0.961677 2.50809
24.102 -0.961065 2.50832
24.1394 -0.960464 2.50855
24.1775 -0.959884 2.5088
24.2162 -0.959332 2.50905
24.2555 -0.958818 2.50932
24.2954 -0.95835 2.50958
24.3358 -0.957935 2.50986
24.3767 -0.957582 2.51015
24.4181 -0.957299 2.51044
24.4599 -0.957091 2.51073
24.502 -0.956964 2.51104
24.5443 -0.956924 2.51135
24.5869 -0.956974 2.51166
24.6295 -0.957117 2.51199
24.6721 -0.957355 2.51231
24.7147 -0.957688 2.51265
24.7571 -0.958114 2.51299
24.7992 -0.958631 2.51334
24.8409 -0.959235 2.51369
24.8822 -0.959919 2.51406
24.9228 -0.960676 2.51443
24.9628 -0.961497 2.51481
25.0019 -0.962372 2.5152
25.0402 -0.96329 2.5156
25.0775 -0.964238 2.51601
25.1137 -0.965204 2.51643
25.1489 -0.966172 2.51686
25.1829 -0.967129 2.51731
25.2157 -0.968063 2.51776
25.2473 -0.96896 2.51823
25.2777 -0.96981 2.51871
25.3071 -0.970604 2.51919
25.3356 -0.971336 2.51968
25.3632 -0.972006 2.52018
25.3903 -0.972616 2.52069
25.417 -0.973178 2.52119
25.4005 -0.971072 2.50889
25.4342 -0.971143 2.50882
25.4681 -0.9712 2.50872
25.5021 -0.971233 2.50859
25.5364 -0.971236 2.50838
25.5711 -0.971202 2.50809
25.6063 -0.97113 2.50769
25.642 -0.971016 2.50716
25.6784 -0.970862 2.50649
25.7155 -0.97067 2.50564
25.7534 -0.970443 2.50462
25.792 -0.970187 2.5034
25.8315 -0.96991 2.50197
25.8719 -0.96962 2.50032
25.9132 -0.969327 2.49845
25.9554 -0.969044 2.49635
25.9985 -0.968782 2.49403
26.0425 -0.968554 2.49148
26.0873 -0.968376 2.48874
26.1329 -0.96826 2.48579
26.1792 -0.968221 2.48268
26.2262 -0.968273 2.47941
26.2737 -0.968428 2.47603
26.3216 -0.9687 2.47257
26.3697 -0.969097 2.46907
26.4179 -0.969629 2.46558
26.466 -0.970301 2.46215
26.5138 -0.971119 2.45885
26.5611 -0.972081 2.45574
26.6075 -0.973186 2.45289
26.6529 -0.974428 2.45038
26.6969 -0.975797 2.44828
26.7393 -0.97728 2.44667
26.7798 -0.978859 2.44564
26.818 -0.980514 2.44527
26.8537 -0.98222 2.44564
26.8867 -0.98395 2.44682
26.9165 -0.985676 2.4489
26.9432 -0.987366 2.45193
26.9663 -0.98899 2.45596
26.9859 -0.990518 2.46104
27.0019 -0.991922 2.46717
27.0143 -0.993181 2.47436
27.0233 -0.994281 2.48257
27.0293 -0.995215 2.49173
27.0325 -0.995995 2.50174
27.0338 -0.996645 2.51243
27.0185 -0.997943 2.50134
27.0051 -0.999097 2.48855
27.0291 -0.999247 2.48857
27.0532 -0.999367 2.48876
27.0774 -0.999427 2.4893
27.1019 -0.999406 2.49035
27.1268 -0.999283 2.49205
27.1521 -0.999043 2.49457
27.1778 -0.998676 2.49804
27.2041 -0.998176 2.5026
27.2311 -0.997542 2.50836
27.2587 -0.996777 2.51543
27.2871 -0.995889 2.52391
27.3164 -0.99489 2.53386
27.3465 -0.993796 2.54537
27.3775 -0.992625 2.55845
27.4095 -0.991402 2.57315
27.4424 -0.99015 2.58945
27.4764 -0.988897 2.60733
27.5114 -0.987671 2.62674
27.5474 -0.986499 2.64761
27.5844 -0.98541 2.66981
27.6225 -0.98443 2.69323
27.6614 -0.983581 2.71768
27.7013 -0.982884 2.74299
27.7419 -0.982354 2.76891
27.7833 -0.982002 2.79519
27.8254 -0.98183 2.82156
27.8679 -0.981838 2.84772
27.9108 -0.982013 2.87334
27.9539 -0.982338 2.89809
27.9971 -0.982787 2.92163
28.0402 -0.983329 2.94363
28.0831 -0.983925 2.96377
28.1255 -0.98453 2.98176
28.1675 -0.985098 2.99733
28.2088 -0.985583 3.01032
28.2495 -0.98594 3.0206
28.2895 -0.986135 3.02819
28.3288 -0.986143 3.03321
28.3678 -0.985962 3.03596
28.4066 -0.985615 3.03694
28.3892 -0.988548 3.0235
28.416 -0.988623 3.02351
28.4429 -0.988684 3.02351
28.4699 -0.988722 3.02351
28.497 -0.988729 3.02353
28.5244 -0.988698 3.02354
28.552 -0.988621 3.02357
28.5798 -0.988493 3.0236
28.608 -0.988309 3.02363
28.6366 -0.988067 3.02368
28.6656 -0.987762 3.02373
28.695 -0.987395 3.02379
28.7249 -0.986963 3.02385
28.7554 -0.986469 3.02391
28.7864 -0.985914 3.02398
28.8179 -0.985301 3.02405
28.8501 -0.984634 3.02412
28.8829 -0.983917 3.02419
28.9163 -0.983157 3.02426
28.9504 -0.98236 3.02432
28.9852 -0.981533 3.02438
29.0206 -0.980685 3.02444
29.0567 -0.979825 3.02448
29.0935 -0.978963 3.02452
29.131 -0.978107 3.02455
29.1691 -0.977269 3.02457
29.2079 -0.976459 3.02458
29.2473 -0.975687 3.02458
29.2873 -0.974964 3.02457
29.3278 -0.974299 3.02455
29.3689 -0.973703 3.02451
29.4104 -0.973185 3.02447
29.4523 -0.972754 3.02442
29.4946 -0.972416 3.02436
29.5371 -0.972178 3.02429
29.5799 -0.972046 3.02421
29.6227 -0.972024 3.02414
29.6656 -0.972113 3.02405
29.7084 -0.972316 3.02397
29.7511 -0.97263 3.0239
29.7935 -0.973054 3.02382
29.8355 -0.973582 3.02376
29.8771 -0.97421 3.02371
29.918 -0.974928 3.02367
29.9583 -0.975726 3.02365
29.9978 -0.976593 3.02365
30.0363 -0.977516 3.02367
30.0739 -0.97848 3.02372
30.1104 -0.97947 3.02381
30.1459 -0.98047 3.02392
30.1801 -0.981464 3.02407
30.2131 -0.982435 3.02426
30.2449 -0.983369 3.02448
30.2756 -0.984253 3.02475
30.3051 -0.985076 3.02504
30.3337 -0.98583 3.02537
30.3614 -0.986515 3.02573
30.3885 -0.987132 3.02611
30.4153 -0.987694 3.0265
30.3968 -0.990742 3.01201
30.4237 -0.990803 3.01201
30.4505 -0.990851 3.01202
30.4775 -0.990877 3.01204
30.5047 -0.990871 3.01206
30.532 -0.990826 3.0121
30.5595 -0.990736 3.01215
30.5874 -0.990595 3.01222
30.6156 -0.990399 3.01231
30.6441 -0.990144 3.01241
30.673 -0.989829 3.01254
30.7024 -0.989452 3.01269
30.7323 -0.989014 3.01286
30.7627 -0.988516 3.01305
30.7936 -0.987959 3.01326
30.8251 -0.987348 3.01349
30.8571 -0.986686 3.01374
30.8898 -0.98598 3.01401
30.9231 -0.985236 3.01429
30.9571 -0.98446 3.0146
30.9918 -0.983662 3.01492
31.0271 -0.982851 3.01526
31.0631 -0.982035 3.01561
31.0997 -0.981224 3.01598
31.1371 -0.98043 3.01635
31.175 -0.979664 3.01674
31.2137 -0.978935 3.01714
31.2529 -0.978255 3.01754
31.2927 -0.977634 3.01795
31.3331 -0.977084 3.01837
31.374 -0.976613 3.01879
31.4153 -0.976231 3.01921
31.4571 -0.975946 3.01964
31.4992 -0.975765 3.02006
31.5416 -0.975695 3.02049
31.5842 -0.97574 3.02091
31.6269 -0.975903 3.02133
31.6696 -0.976186 3.02175
31.7123 -0.976588 3.02217
31.7549 -0.977107 3.02258
31.7971 -0.977739 3.02298
31.839 -0.978478 3.02339
31.8805 -0.979316 3.02378
31.9214 -0.980243 3.02418
31.9616 -0.981246 3.02456
32.001 -0.982311 3.02495
32.0395 -0.983424 3.02533
32.077 -0.984568 3.0257
32.1135 -0.985725 3.02607
32.1489 -0.986878 3.02644
32.1831 -0.988008 3.02681
32.2161 -0.989097 3.02718
32.2479 -0.990129 3.02754
32.2785 -0.991092 3.02791
32.3081 -0.991973 3.02827
32.3366 -0.992766 3.02864
32.3644 -0.993471 3.029
32.3915 -0.994093 3.02935
32.4183 -0.994648 3.0297
32.4025 -0.998561 3.01711
32.4363 -0.998653 3.01721
32.4702 -0.998722 3.01738
32.5044 -0.998749 3.01766
32.5388 -0.998715 3.01812
32.5735 -0.998606 3.0188
32.6087 -0.998408 3.01975
32.6444 -0.998112 3.02101
32.6807 -0.997711 3.02263
32.7177 -0.997202 3.02463
32.7553 -0.996583 3.02705
32.7937 -0.995855 3.02991
32.8329 -0.995024 3.03322
32.8729 -0.994097 3.03701
32.9138 -0.993084 3.04128
32.9555 -0.991997 3.04601
32.9981 -0.99085 3.05122
33.0415 -0.989661 3.05688
33.0857 -0.988446 3.06295
33.1306 -0.987226 3.06942
33.1762 -0.986022 3.07623
33.2225 -0.984852 3.08334
33.2692 -0.98374 3.09066
33.3164 -0.982705 3.09814
33.3638 -0.981767 3.10568
33.4113 -0.980944 3.1132
33.4586 -0.980253 3.12057
33.5058 -0.979707 3.12768
33.5524 -0.979317 3.13441
33.5982 -0.979091 3.14062
33.6431 -0.979033 3.14617
33.6867 -0.979142 3.1509
33.7287 -0.979413 3.15466
33.7689 -0.979837 3.15729
33.8069 -0.980401 3.15863
33.8425 -0.981084 3.15853
33.8754 -0.981866 3.15683
33.9053 -0.982718 3.15341
33.932 -0.983613 3.14814
33.9553 -0.984518 3.14092
33.9751 -0.985401 3.13168
33.9913 -0.986232 3.12037
34.0039 -0.986982 3.10702
34.0132 -0.987631 3.09168
34.0195 -0.988163 3.07447
34.023 -0.988577 3.05559
34.0246 -0.98889 3.03533
34.018 -0.992587 3.02513
34.0103 -0.992704 3.01517
34.0351 -0.967685 3.01534
34.0602 -0.942108 3.01326
34.0857 -0.915539 3.00675
34.1118 -0.887686 2.99379
34.1385 -0.858409 2.97255
34.1659 -0.827731 2.94154
34.1941 -0.795848 2.89964
34.2231 -0.76312 2.84629
34.2528 -0.730068 2.78151
34.283 -0.697349 2.70607
34.3134 -0.665727 2.62155
34.3434 -0.636028 2.53038
34.3724 -0.609082 2.43579
34.3996 -0.585658 2.34177
34.4238 -0.566379 2.25272
34.4441 -0.551643 2.1731
34.4595 -0.541522 2.10675
34.4695 -0.535673 2.05598
34.4743 -0.533243 2.0202
34.465 -0.535342 2.0091
34.4543 -0.536613 1.99816
34.4768 -0.513803 1.99834
34.4996 -0.490466 1.9976
34.5231 -0.466162 1.99504
34.5475 -0.44055 1.9898
34.5731 -0.413397 1.9811
34.6001 -0.38459 1.96827
34.6286 -0.354145 1.95077
34.6587 -0.322219 1.92826
34.6904 -0.289106 1.90062
34.7236 -0.255241 1.86799
34.758 -0.221186 1.83083
34.7933 -0.187614 1.78992
34.8287 -0.155285 1.74638
34.8637 -0.125007 1.70167
34.8971 -0.0975906 1.65757
34.928 -0.0737906 1.61604
34.9551 -0.0542352 1.57915
34.9772 -0.0393438 1.54881
34.9936 -0.0292318 1.52653
35.0038 -0.0236034 1.51298
35.0083 -0.0216326 1.50746
34.9943 -0.0247423 1.49436
