-0.00374518 -0.0105802 0.992828
-0.00410591 -0.0107925 0.992785
-0.00385827 -0.0108562 0.992725
-0.00240174 -0.0106341 0.992635
0.000846921 -0.00999653 0.992507
0.00644609 -0.0088233 0.992334
0.0149206 -0.00700647 0.992114
0.0267521 -0.00445332 0.991844
0.0423676 -0.00108994 0.991525
0.0621284 0.00313494 0.99116
0.0863171 0.00824574 0.990754
0.115126 0.0142359 0.990315
0.148643 0.0210638 0.989854
0.186845 0.0286491 0.989382
0.229585 0.0368706 0.988915
0.276591 0.0455642 0.988467
0.327464 0.0545242 0.988056
0.381685 0.0635062 0.987699
0.438631 0.0722342 0.987412
0.497599 0.0804112 0.987212
0.557847 0.087736 0.98711
0.618649 0.093926 0.987116
0.679368 0.0987481 0.987232
0.739553 0.102059 0.987456
0.799065 0.103855 0.987776
0.858227 0.104338 0.988171
0.848072 0.0980336 0.979988
0.874184 0.0979353 0.97998
0.900348 0.0978361 0.97997
0.926614 0.0977332 0.979956
0.953033 0.0976243 0.979939
0.979653 0.0975066 0.979919
1.00652 0.0973776 0.979896
1.03369 0.0972347 0.97987
1.06119 0.0970754 0.97984
1.08908 0.0968973 0.979807
1.1174 0.0966979 0.979772
1.14618 0.0964751 0.979734
1.17546 0.0962266 0.979693
1.20527 0.0959505 0.979652
1.23566 0.0956447 0.979609
1.26664 0.0953076 0.979566
1.29824 0.0949377 0.979523
1.33048 0.0945335 0.979481
1.36339 0.0940939 0.979442
1.39698 0.0936181 0.979405
1.43126 0.0931052 0.979373
1.46622 0.092555 0.979346
1.50189 0.0919672 0.979325
1.53825 0.0913421 0.979312
1.5753 0.09068 0.979308
1.61301 0.0899817 0.979314
1.65138 0.0892483 0.979332
1.69038 0.0884812 0.979362
1.72998 0.0876822 0.979406
1.77014 0.0868533 0.979466
1.81082 0.0859971 0.979542
1.85197 0.0851162 0.979635
1.89354 0.0842138 0.979746
1.93547 0.0832935 0.979877
1.97769 0.082359 0.980027
2.02012 0.0814144 0.980199
2.06271 0.0804643 0.98039
2.10535 0.0795134 0.980603
2.14797 0.0785665 0.980837
2.19047 0.0776291 0.981092
2.23276 0.0767064 0.981367
2.27474 0.0758041 0.981662
2.31631 0.0749279 0.981976
2.35739 0.0740834 0.982306
2.39785 0.0732764 0.982653
2.43762 0.0725125 0.983014
2.4766 0.0717971 0.983387
2.51469 0.0711355 0.98377
2.55183 0.0705324 0.984161
2.58793 0.0699921 0.984557
2.62294 0.0695185 0.984955
2.65681 0.0691144 0.985353
2.68952 0.0687819 0.985748
2.72107 0.0685221 0.986137
2.75146 0.0683347 0.986519
2.78075 0.0682179 0.98689
2.80902 0.0681685 0.98725
2.83638 0.068181 0.987597
2.863 0.0682481 0.987931
2.88909 0.0683599 0.988253
2.9149 0.0685037 0.988564
2.90193 0.0659378 0.984411
2.92883 0.0657855 0.984387
2.95578 0.0656391 0.984361
2.98284 0.0655017 0.984334
3.01004 0.0653763 0.984305
3.03745 0.0652655 0.984274
3.0651 0.0651721 0.984241
3.09306 0.0650982 0.984205
3.12135 0.0650463 0.984167
3.15002 0.0650184 0.984126
3.17912 0.0650162 0.984083
3.20868 0.0650415 0.984038
3.23874 0.0650957 0.983991
3.26933 0.0651802 0.983942
3.30049 0.0652959 0.983894
3.33223 0.0654439 0.983844
3.36459 0.0656247 0.983796
3.39758 0.0658388 0.983749
3.43122 0.0660865 0.983705
3.46553 0.0663678 0.983665
3.5005 0.0666824 0.983629
3.53615 0.06703 0.983599
3.57248 0.0674099 0.983577
3.60946 0.0678211 0.983563
3.64711 0.0682626 0.98356
3.68538 0.068733 0.983569
3.72427 0.0692307 0.983591
3.76374 0.0697538 0.983627
3.80376 0.0703003 0.983681
3.84427 0.0708679 0.983751
3.88525 0.0714541 0.983842
3.92663 0.0720562 0.983953
3.96834 0.0726712 0.984086
4.01033 0.0732962 0.984242
4.05252 0.0739277 0.984423
4.09484 0.0745624 0.984629
4.13719 0.0751967 0.984862
4.17949 0.075827 0.985121
4.22165 0.0764495 0.985406
4.26357 0.0770605 0.98572
4.30516 0.0776561 0.98606
4.34632 0.0782326 0.986427
4.38693 0.0787863 0.98682
4.42692 0.0793136 0.987238
4.46618 0.079811 0.987681
4.50461 0.0802753 0.988146
4.54214 0.0807037 0.988633
4.57869 0.0810934 0.989138
4.6142 0.0814424 0.98966
4.64861 0.0817489 0.990196
4.68189 0.0820118 0.990745
4.71404 0.0822306 0.991303
4.74506 0.0824057 0.991867
4.77499 0.082538 0.992436
4.80392 0.0826298 0.993005
4.83195 0.082684 0.993574
4.85926 0.0827051 0.99414
4.88603 0.0826985 0.994701
4.91255 0.0826714 0.995256
4.89997 0.0800629 0.989874
4.92682 0.0799226 0.989814
4.95373 0.0797861 0.989752
4.98074 0.0796544 0.98969
5.0079 0.0795285 0.989626
5.03527 0.0794088 0.98956
5.06289 0.0792959 0.989493
5.09081 0.0791901 0.989424
5.11908 0.0790914 0.989353
5.14774 0.0789998 0.989281
5.17682 0.0789151 0.989207
5.20638 0.0788368 0.989131
5.23644 0.0787645 0.989054
5.26704 0.0786975 0.988977
5.29821 0.078635 0.988899
5.32998 0.078576 0.988822
5.36238 0.0785196 0.988746
5.39542 0.0784647 0.988671
5.42912 0.0784099 0.9886
5.46349 0.0783541 0.988532
5.49855 0.078296 0.988469
5.53429 0.078234 0.988412
5.57072 0.078167 0.988363
5.60783 0.0780934 0.988322
5.6456 0.0780119 0.988292
5.68403 0.0779212 0.988273
5.72308 0.07782 0.988267
5.76272 0.0777072 0.988276
5.80292 0.0775817 0.988301
5.84365 0.0774424 0.988344
5.88484 0.0772887 0.988406
5.92644 0.07712 0.98849
5.9684 0.0769357 0.988595
6.01065 0.0767358 0.988724
6.0531 0.0765203 0.988877
6.09569 0.0762894 0.989057
6.13833 0.0760438 0.989263
6.18093 0.0757842 0.989497
6.22339 0.075512 0.989759
6.26562 0.0752284 0.990049
6.30751 0.0749352 0.990368
6.34897 0.0746345 0.990716
6.3899 0.0743286 0.991091
6.43018 0.07402 0.991495
6.46974 0.0737114 0.991925
6.50846 0.0734059 0.99238
6.54627 0.0731066 0.992859
6.58308 0.0728165 0.99336
6.61883 0.0725389 0.993882
6.65346 0.0722768 0.994421
6.68695 0.0720331 0.994976
6.71928 0.0718104 0.995544
6.75045 0.0716106 0.996122
6.78052 0.0714353 0.996707
6.80955 0.0712851 0.997296
6.83767 0.0711597 0.997888
6.86503 0.0710573 0.998479
6.89184 0.0709749 0.999067
6.91838 0.0709074 0.99965
6.90505 0.0686962 0.993478
6.93192 0.0685846 0.993415
6.95884 0.0684774 0.993351
6.98586 0.0683763 0.993286
7.01304 0.0682825 0.99322
7.04041 0.0681971 0.993152
7.06803 0.0681209 0.993084
7.09595 0.0680546 0.993014
7.1242 0.0679984 0.992942
7.15284 0.0679524 0.992869
7.18189 0.0679166 0.992795
7.21141 0.0678905 0.992719
7.24142 0.0678736 0.992643
7.27196 0.0678651 0.992566
7.30306 0.067864 0.992488
7.33475 0.0678692 0.99241
7.36705 0.0678792 0.992333
7.39998 0.0678926 0.992257
7.43356 0.0679077 0.992184
7.4678 0.0679228 0.992113
7.50272 0.0679358 0.992046
7.5383 0.0679449 0.991984
7.57456 0.0679481 0.991928
7.61149 0.0679432 0.991879
7.64907 0.0679282 0.991838
7.6873 0.0679012 0.991807
7.72613 0.0678601 0.991788
7.76556 0.067803 0.99178
7.80554 0.0677283 0.991787
7.84603 0.0676344 0.991809
7.88698 0.0675198 0.991848
7.92835 0.0673835 0.991905
7.97006 0.0672246 0.991981
8.01206 0.0670425 0.992078
8.05428 0.0668369 0.992197
8.09663 0.0666081 0.99234
8.13903 0.0663564 0.992506
8.1814 0.0660829 0.992697
8.22364 0.0657889 0.992913
8.26565 0.065476 0.993155
8.30734 0.0651466 0.993423
8.34862 0.0648032 0.993718
8.38936 0.064449 0.994038
8.42949 0.0640872 0.994384
8.46889 0.0637218 0.994756
8.50748 0.0633567 0.99515
8.54517 0.0629964 0.995568
8.58188 0.0626452 0.996007
8.61755 0.0623076 0.996465
8.65212 0.0619881 0.996941
8.68556 0.0616908 0.997433
8.71785 0.0614195 0.997937
8.74901 0.0611775 0.998452
8.77908 0.0609671 0.998975
8.80812 0.0607895 0.999503
8.83626 0.0606447 1.00003
8.86366 0.0605309 1.00056
8.89051 0.0604442 1.00109
8.9171 0.0603781 1.00161
8.90319 0.0582779 0.994617
8.93006 0.0581806 0.994564
8.95698 0.0580884 0.994511
8.98401 0.0580038 0.994456
9.01118 0.057929 0.994402
9.03856 0.0578657 0.994346
9.06618 0.0578154 0.994291
9.0941 0.0577794 0.994235
9.12235 0.0577584 0.99418
9.15099 0.0577531 0.994124
9.18005 0.0577637 0.994068
9.20956 0.0577901 0.994013
9.23958 0.057832 0.993958
9.27012 0.0578886 0.993904
9.30122 0.0579592 0.99385
9.33291 0.0580424 0.993799
9.36521 0.0581367 0.993749
9.39815 0.0582405 0.993702
9.43173 0.0583517 0.993659
9.46598 0.0584683 0.993619
9.5009 0.0585878 0.993584
9.5365 0.0587079 0.993555
9.57277 0.0588258 0.993533
9.60971 0.058939 0.993519
9.64731 0.0590446 0.993513
9.68555 0.0591399 0.993517
9.72442 0.0592221 0.993533
9.76387 0.0592887 0.993561
9.80388 0.059337 0.993603
9.84442 0.0593646 0.99366
9.88541 0.0593694 0.993733
9.92683 0.0593494 0.993823
9.96861 0.059303 0.993932
10.0107 0.0592289 0.99406
10.053 0.0591261 0.994209
10.0954 0.0589942 0.994379
10.1379 0.058833 0.994572
10.1803 0.0586432 0.994787
10.2227 0.0584255 0.995025
10.2648 0.0581815 0.995288
10.3066 0.0579134 0.995573
10.348 0.0576236 0.995883
10.3888 0.0573152 0.996216
10.4291 0.0569921 0.996571
10.4686 0.0566581 0.996949
10.5073 0.056318 0.997348
10.5451 0.0559766 0.997766
10.5819 0.055639 0.998203
10.6177 0.0553105 0.998656
10.6524 0.0549963 0.999124
10.6859 0.0547017 0.999605
10.7183 0.0544314 1.0001
10.7496 0.0541894 1.0006
10.7797 0.0539791 1.0011
10.8088 0.0538025 1.00161
10.837 0.0536602 1.00211
10.8645 0.0535509 1.00262
10.8914 0.0534708 1.00312
10.918 0.0534133 1.00362
10.9038 0.0511511 0.995654
10.9306 0.0510628 0.995608
10.9575 0.0509801 0.995561
10.9845 0.0509062 0.995514
11.0117 0.0508435 0.995468
11.0391 0.0507942 0.995422
11.0667 0.0507604 0.995378
11.0946 0.0507434 0.995335
11.1228 0.0507444 0.995294
11.1514 0.050764 0.995255
11.1805 0.0508027 0.995218
11.21 0.0508604 0.995185
11.24 0.0509367 0.995154
11.2705 0.0510308 0.995126
11.3016 0.0511416 0.995103
11.3333 0.0512676 0.995083
11.3656 0.0514071 0.995069
11.3985 0.0515579 0.995059
11.4321 0.0517176 0.995056
11.4663 0.0518836 0.995059
11.5012 0.0520531 0.99507
11.5369 0.0522229 0.995089
11.5731 0.0523899 0.995117
11.6101 0.0525506 0.995155
11.6477 0.0527017 0.995204
11.686 0.0528397 0.995265
11.7249 0.0529612 0.99534
11.7643 0.0530628 0.995428
11.8044 0.0531415 0.995531
11.845 0.0531941 0.995651
11.886 0.0532178 0.995787
11.9275 0.0532103 0.995942
11.9693 0.0531694 0.996115
12.0115 0.0530933 0.996308
12.0538 0.052981 0.996522
12.0964 0.0528317 0.996756
12.1389 0.0526453 0.997012
12.1815 0.0524223 0.997289
12.2239 0.0521637 0.997589
12.2662 0.0518715 0.99791
12.3081 0.0515481 0.998254
12.3496 0.0511965 0.998618
12.3906 0.0508208 0.999003
12.4309 0.0504253 0.999408
12.4706 0.0500152 0.999832
12.5094 0.049596 1.00027
12.5473 0.0491737 1.00073
12.5843 0.0487549 1.0012
12.6202 0.048346 1.00169
12.6549 0.0479537 1.00218
12.6886 0.0475843 1.00269
12.7211 0.0472437 1.0032
12.7524 0.0469373 1.00371
12.7826 0.0466691 1.00423
12.8117 0.0464419 1.00474
12.84 0.0462565 1.00526
12.8674 0.0461116 1.00576
12.8943 0.0460025 1.00626
12.921 0.0459215 1.00675
12.9076 0.0450067 0.998116
12.9344 0.0449131 0.998069
12.9613 0.0448256 0.998022
12.9883 0.0447479 0.997976
13.0155 0.0446831 0.99793
13.0429 0.0446341 0.997886
13.0705 0.0446032 0.997844
13.0984 0.0445923 0.997805
13.1266 0.044603 0.997768
13.1552 0.0446362 0.997733
13.1842 0.0446925 0.997702
13.2137 0.044772 0.997673
13.2436 0.0448744 0.997648
13.2741 0.0449989 0.997627
13.3051 0.0451442 0.997609
13.3367 0.0453089 0.997596
13.369 0.0454908 0.997587
13.4018 0.0456875 0.997583
13.4353 0.0458963 0.997584
13.4694 0.0461141 0.997592
13.5042 0.0463376 0.997606
13.5397 0.0465631 0.997627
13.5758 0.0467867 0.997656
13.6126 0.0470046 0.997693
13.6501 0.0472127 0.997739
13.6882 0.0474068 0.997796
13.7269 0.0475828 0.997864
13.7663 0.0477366 0.997944
13.8061 0.0478645 0.998036
13.8465 0.0479626 0.998142
13.8874 0.0480276 0.998262
13.9287 0.0480564 0.998398
13.9704 0.0480464 0.99855
14.0123 0.0479953 0.998718
14.0545 0.0479017 0.998904
14.0968 0.0477644 0.999108
14.1393 0.0475832 0.99933
14.1817 0.0473585 0.999571
14.2239 0.0470913 0.999831
14.266 0.0467836 1.00011
14.3078 0.0464383 1.00041
14.3492 0.0460588 1.00072
14.39 0.0456495 1.00106
14.4303 0.0452155 1.00141
14.4698 0.0447628 1.00178
14.5086 0.0442978 1.00217
14.5464 0.0438276 1.00257
14.5833 0.0433597 1.00298
14.6192 0.0429018 1.00341
14.6539 0.0424616 1.00384
14.6875 0.0420468 1.00429
14.72 0.0416643 1.00474
14.7513 0.0413204 1.00519
14.7815 0.0410202 1.00564
14.8107 0.040767 1.0061
14.8389 0.040562 1.00655
14.8664 0.0404036 1.007
14.8933 0.040287 1.00744
14.92 0.040203 1.00787
14.9072 0.0395442 0.99901
14.934 0.0394542 0.998948
14.9609 0.0393707 0.998885
14.9879 0.0392979 0.998824
15.0151 0.0392394 0.998765
15.0424 0.0391983 0.99871
15.07 0.0391772 0.998658
15.0979 0.0391783 0.998612
15.1261 0.039203 0.99857
15.1547 0.0392526 0.998534
15.1837 0.0393276 0.998504
15.2131 0.039428 0.998481
15.243 0.0395533 0.998464
15.2735 0.0397027 0.998455
15.3045 0.0398745 0.998453
15.336 0.0400669 0.998458
15.3682 0.0402775 0.998473
15.4009 0.0405033 0.998495
15.4343 0.0407412 0.998527
15.4684 0.0409875 0.998569
15.5031 0.0412383 0.99862
15.5385 0.0414893 0.998682
15.5745 0.041736 0.998756
15.6113 0.0419739 0.998841
15.6486 0.0421983 0.998939
15.6866 0.0424042 0.99905
15.7252 0.0425869 0.999174
15.7644 0.0427419 0.999313
15.8042 0.0428645 0.999467
15.8445 0.0429506 0.999636
15.8852 0.0429963 0.999821
15.9264 0.042998 1.00002
15.968 0.0429529 1.00024
16.0098 0.0428585 1.00048
16.0519 0.0427131 1.00073
16.0941 0.0425157 1.001
16.1364 0.042266 1.00129
16.1787 0.0419648 1.0016
16.2209 0.0416135 1.00193
16.263 0.0412146 1.00227
16.3047 0.0407716 1.00263
16.346 0.0402888 1.003
16.3868 0.0397716 1.0034
16.427 0.0392263 1.0038
16.4666 0.0386598 1.00422
16.5053 0.0380802 1.00465
16.5431 0.0374958 1.0051
16.58 0.0369156 1.00555
16.6159 0.0363488 1.00601
16.6506 0.0358047 1.00648
16.6843 0.0352922 1.00695
16.7168 0.0348198 1.00742
16.7481 0.0343948 1.00789
16.7783 0.034023 1.00835
16.8076 0.0337084 1.00882
16.8359 0.0334523 1.00927
16.8634 0.0332527 1.00972
16.8904 0.0331035 1.01016
16.917 0.0329937 1.01058
16.905 0.0327967 1.00156
16.9319 0.0327133 1.00149
16.9588 0.0326369 1.00142
16.9858 0.032572 1.00134
17.013 0.0325226 1.00128
17.0403 0.032492 1.00121
17.0679 0.0324831 1.00116
17.0958 0.0324982 1.00111
17.124 0.032539 1.00106
17.1525 0.0326067 1.00103
17.1815 0.0327017 1.001
17.2109 0.032824 1.00098
17.2408 0.0329731 1.00097
17.2712 0.0331476 1.00097
17.3021 0.0333459 1.00098
17.3336 0.0335656 1.001
17.3657 0.0338039 1.00103
17.3984 0.0340575 1.00107
17.4317 0.0343227 1.00113
17.4657 0.0345952 1.00119
17.5004 0.0348705 1.00127
17.5356 0.0351438 1.00136
17.5716 0.0354099 1.00146
17.6082 0.0356635 1.00157
17.6454 0.0358993 1.0017
17.6833 0.0361118 1.00184
17.7218 0.0362955 1.002
17.7609 0.0364452 1.00217
17.8005 0.0365558 1.00236
17.8407 0.0366226 1.00256
17.8813 0.0366411 1.00278
17.9224 0.0366075 1.00302
17.9638 0.0365185 1.00327
18.0056 0.0363715 1.00353
18.0475 0.0361647 1.00382
18.0897 0.0358971 1.00412
18.1319 0.0355686 1.00444
18.1741 0.0351801 1.00477
18.2162 0.0347336 1.00512
18.2582 0.0342322 1.00548
18.2998 0.0336799 1.00586
18.3411 0.0330821 1.00625
18.3819 0.032445 1.00666
18.422 0.0317761 1.00707
18.4615 0.0310838 1.0075
18.5003 0.0303773 1.00794
18.5381 0.0296664 1.00838
18.575 0.0289616 1.00883
18.6109 0.0282738 1.00929
18.6457 0.0276137 1.00974
18.6794 0.0269917 1.0102
18.7119 0.0264174 1.01066
18.7433 0.0258996 1.01111
18.7736 0.0254449 1.01156
18.8029 0.0250577 1.012
18.8312 0.0247396 1.01244
18.8588 0.0244879 1.01286
18.8858 0.0242957 1.01327
18.9126 0.0241497 1.01367
18.8997 0.0228995 1.00443
18.9266 0.0228252 1.00439
18.9535 0.0227588 1.00436
18.9805 0.022706 1.00433
19.0077 0.0226722 1.0043
19.0351 0.0226618 1.00427
19.0627 0.0226788 1.00425
19.0906 0.0227266 1.00423
19.1188 0.0228077 1.00421
19.1474 0.0229241 1.0042
19.1763 0.0230771 1.0042
19.2058 0.0232674 1.0042
19.2357 0.0234947 1.0042
19.2661 0.0237584 1.00421
19.297 0.0240569 1.00423
19.3286 0.0243882 1.00424
19.3607 0.0247495 1.00427
19.3934 0.0251375 1.00429
19.4267 0.0255482 1.00433
19.4607 0.0259773 1.00436
19.4954 0.0264197 1.0044
19.5307 0.0268702 1.00445
19.5667 0.0273229 1.00449
19.6033 0.027772 1.00455
19.6406 0.028211 1.0046
19.6785 0.0286337 1.00467
19.7171 0.0290336 1.00474
19.7562 0.0294044 1.00481
19.7959 0.0297398 1.00489
19.8361 0.0300338 1.00498
19.8769 0.0302808 1.00507
19.918 0.0304755 1.00518
19.9595 0.0306134 1.00529
20.0013 0.0306905 1.00541
20.0434 0.0307036 1.00554
20.0857 0.0306503 1.00568
20.128 0.0305293 1.00583
20.1704 0.0303401 1.00599
20.2126 0.0300836 1.00616
20.2547 0.0297617 1.00635
20.2965 0.0293774 1.00655
20.3379 0.0289351 1.00676
20.3788 0.0284403 1.00698
20.4192 0.0278998 1.00722
20.4589 0.0273213 1.00747
20.4978 0.0267137 1.00774
20.5358 0.0260868 1.00801
20.5728 0.025451 1.0083
20.6089 0.0248172 1.0086
20.6438 0.0241966 1.00891
20.6776 0.0236002 1.00923
20.7103 0.0230385 1.00956
20.7418 0.022521 1.0099
20.7722 0.0220555 1.01024
20.8016 0.0216479 1.01058
20.8301 0.021301 1.01092
20.8577 0.0210139 1.01126
20.8849 0.0207811 1.01159
20.9117 0.0205916 1.01191
20.8987 0.0184327 1.00184
20.9256 0.0183684 1.00183
20.9525 0.0183125 1.00181
20.9795 0.0182714 1.00179
21.0067 0.0182509 1.00178
21.0341 0.0182562 1.00177
21.0617 0.0182915 1.00177
21.0896 0.0183605 1.00178
21.1178 0.0184663 1.00179
21.1464 0.018611 1.00182
21.1753 0.0187959 1.00185
21.2047 0.0190219 1.00189
21.2346 0.0192888 1.00194
21.265 0.0195958 1.002
21.2959 0.0199412 1.00207
21.3274 0.0203228 1.00214
21.3595 0.0207376 1.00223
21.3922 0.0211818 1.00233
21.4255 0.0216512 1.00243
21.4595 0.0221407 1.00254
21.4941 0.022645 1.00267
21.5294 0.0231581 1.0028
21.5653 0.0236736 1.00294
21.6019 0.0241849 1.00309
21.6391 0.024685 1.00324
21.677 0.0251669 1.00341
21.7155 0.0256234 1.00358
21.7546 0.0260474 1.00377
21.7942 0.0264321 1.00396
21.8344 0.0267706 1.00416
21.8751 0.0270568 1.00437
21.9162 0.0272849 1.00459
21.9577 0.0274496 1.00482
21.9995 0.0275466 1.00505
22.0415 0.0275723 1.0053
22.0838 0.027524 1.00555
22.1261 0.0274002 1.00581
22.1684 0.0272005 1.00608
22.2107 0.0269256 1.00636
22.2528 0.0265777 1.00665
22.2946 0.0261601 1.00694
22.336 0.0256777 1.00724
22.377 0.0251364 1.00755
22.4174 0.0245439 1.00786
22.4571 0.0239087 1.00818
22.496 0.0232406 1.00851
22.5341 0.0225505 1.00883
22.5712 0.0218499 1.00916
22.6073 0.021151 1.0095
22.6423 0.0204661 1.00983
22.6762 0.0198075 1.01016
22.7089 0.0191869 1.0105
22.7405 0.0186147 1.01082
22.771 0.0180999 1.01115
22.8004 0.0176489 1.01146
22.8289 0.0172649 1.01177
22.8566 0.016947 1.01206
22.8837 0.0166893 1.01235
22.9106 0.0164796 1.01261
22.8971 0.0135523 1.00172
22.924 0.0134962 1.00171
22.9509 0.0134494 1.0017
22.978 0.013419 1.00169
23.0051 0.0134115 1.00169
23.0325 0.0134328 1.00169
23.0601 0.0134877 1.0017
23.088 0.0135805 1.00173
23.1162 0.0137145 1.00176
23.1447 0.0138924 1.0018
23.1737 0.0141158 1.00185
23.2031 0.0143857 1.00191
23.233 0.014702 1.00198
23.2634 0.0150641 1.00207
23.2943 0.0154703 1.00217
23.3258 0.0159182 1.00228
23.3579 0.0164046 1.0024
23.3905 0.0169255 1.00253
23.4238 0.0174762 1.00267
23.4578 0.0180513 1.00282
23.4924 0.0186451 1.00299
23.5277 0.0192508 1.00316
23.5636 0.0198617 1.00335
23.6002 0.0204702 1.00354
23.6374 0.0210689 1.00375
23.6753 0.0216498 1.00397
23.7138 0.0222051 1.00419
23.7529 0.0227267 1.00443
23.7926 0.0232071 1.00467
23.8328 0.0236387 1.00492
23.8735 0.0240144 1.00518
23.9146 0.0243277 1.00545
23.9561 0.0245727 1.00573
23.998 0.0247442 1.00601
24.0401 0.024838 1.00631
24.0824 0.0248509 1.00661
24.1248 0.0247809 1.00691
24.1672 0.0246271 1.00723
24.2095 0.0243901 1.00755
24.2517 0.0240717 1.00787
24.2936 0.0236754 1.0082
24.3351 0.023206 1.00853
24.3762 0.0226696 1.00887
24.4167 0.0220742 1.00921
24.4565 0.0214288 1.00955
24.4956 0.0207438 1.00989
24.5337 0.0200307 1.01023
24.5709 0.019302 1.01057
24.6071 0.0185705 1.01091
24.6422 0.0178497 1.01125
24.6762 0.0171529 1.01158
24.709 0.0164926 1.0119
24.7406 0.0158806 1.01222
24.7712 0.0153266 1.01253
24.8006 0.0148379 1.01284
24.8292 0.0144183 1.01312
24.8569 0.0140676 1.0134
24.8841 0.0137796 1.01366
24.911 0.0135421 1.0139
24.897 0.00984272 1.00218
24.9239 0.00979505 1.00217
24.9508 0.00975736 1.00216
24.9778 0.00973755 1.00216
25.005 0.00974274 1.00217
25.0323 0.00977922 1.00218
25.0599 0.00985248 1.0022
25.0878 0.00996712 1.00223
25.116 0.0101269 1.00228
25.1445 0.0103347 1.00233
25.1735 0.0105924 1.0024
25.2029 0.010901 1.00248
25.2328 0.0112608 1.00257
25.2631 0.0116707 1.00268
25.294 0.0121293 1.0028
25.3255 0.0126338 1.00293
25.3575 0.0131808 1.00308
25.3902 0.0137661 1.00324
25.4235 0.0143845 1.00341
25.4574 0.0150302 1.00359
25.492 0.0156969 1.00379
25.5272 0.0163773 1.004
25.5631 0.0170639 1.00422
25.5997 0.0177488 1.00445
25.6369 0.0184235 1.00469
25.6747 0.0190795 1.00494
25.7132 0.0197082 1.00521
25.7523 0.0203008 1.00548
25.7919 0.0208489 1.00576
25.8321 0.0213442 1.00605
25.8728 0.021779 1.00634
25.914 0.022146 1.00665
25.9555 0.0224387 1.00696
25.9973 0.0226513 1.00727
26.0395 0.0227792 1.0076
26.0818 0.0228188 1.00793
26.1242 0.0227676 1.00826
26.1666 0.0226246 1.0086
26.209 0.0223903 1.00894
26.2512 0.0220665 1.00929
26.2932 0.0216568 1.00964
26.3348 0.0211662 1.00998
26.3759 0.0206015 1.01033
26.4165 0.0199708 1.01069
26.4564 0.0192841 1.01103
26.4955 0.0185524 1.01138
26.5337 0.0177882 1.01173
26.571 0.0170048 1.01207
26.6073 0.0162164 1.01241
26.6425 0.0154374 1.01274
26.6765 0.0146821 1.01307
26.7093 0.0139645 1.01339
26.7411 0.0132971 1.0137
26.7716 0.0126907 1.01399
26.8011 0.0121533 1.01428
26.8297 0.0116894 1.01455
26.8575 0.0112987 1.01481
26.8847 0.0109752 1.01505
26.9115 0.0107056 1.01528
26.8993 0.00725588 1.00294
26.9262 0.00720971 1.00294
26.9531 0.00717433 1.00294
26.9801 0.00715826 1.00295
27.0073 0.00716916 1.00296
27.0346 0.00721384 1.00298
27.0622 0.0072982 1.00302
27.09 0.00742724 1.00306
27.1182 0.00760501 1.00312
27.1468 0.00783457 1.00319
27.1757 0.00811805 1.00327
27.2051 0.00845656 1.00338
27.2349 0.00885022 1.00349
27.2652 0.00929818 1.00362
27.2961 0.00979859 1.00377
27.3276 0.0103486 1.00393
27.3596 0.0109446 1.00411
27.3922 0.0115819 1.0043
27.4254 0.012255 1.00451
27.4593 0.0129577 1.00473
27.4939 0.0136829 1.00497
27.5291 0.0144231 1.00522
27.5649 0.01517 1.00548
27.6014 0.0159149 1.00575
27.6386 0.0166489 1.00603
27.6764 0.0173627 1.00633
27.7149 0.0180469 1.00663
27.7539 0.0186922 1.00695
27.7936 0.0192894 1.00727
27.8337 0.0198296 1.0076
27.8744 0.0203043 1.00794
27.9155 0.0207058 1.00829
27.957 0.021027 1.00864
27.9989 0.0212618 1.009
28.041 0.021405 1.00936
28.0833 0.0214527 1.00973
28.1257 0.0214025 1.0101
28.1682 0.0212531 1.01047
28.2106 0.0210052 1.01085
28.2529 0.0206607 1.01122
28.2949 0.0202235 1.0116
28.3365 0.0196991 1.01197
28.3777 0.0190949 1.01235
28.4183 0.0184198 1.01272
28.4582 0.0176844 1.01309
28.4974 0.016901 1.01345
28.5357 0.0160829 1.01382
28.5731 0.0152446 1.01417
28.6094 0.0144016 1.01453
28.6446 0.0135695 1.01487
28.6787 0.0127639 1.01522
28.7116 0.012 1.01555
28.7434 0.0112913 1.01588
28.774 0.0106496 1.0162
28.8035 0.0100839 1.01651
28.8321 0.00959873 1.01681
28.8599 0.00919423 1.0171
28.8871 0.00886381 1.01739
28.914 0.00859332 1.01766
28.9 0.00477323 1.004
28.9269 0.00473429 1.00398
28.9537 0.00470722 1.00396
28.9807 0.00470112 1.00395
29.0079 0.00472423 1.00395
29.0352 0.00478381 1.00396
29.0627 0.0048862 1.00398
29.0906 0.00503675 1.00402
29.1187 0.00523979 1.00408
29.1472 0.00549861 1.00415
29.1762 0.00581548 1.00424
29.2055 0.00619157 1.00435
29.2354 0.00662703 1.00449
29.2657 0.00712089 1.00464
29.2966 0.00767119 1.00482
29.328 0.00827489 1.00501
29.3601 0.00892797 1.00523
29.3927 0.00962544 1.00547
29.426 0.0103614 1.00573
29.4599 0.0111291 1.00601
29.4945 0.0119209 1.00632
29.5298 0.0127287 1.00664
29.5657 0.0135435 1.00698
29.6023 0.0143561 1.00734
29.6396 0.0151566 1.00772
29.6775 0.015935 1.00811
29.7161 0.0166813 1.00853
29.7552 0.0173852 1.00895
29.795 0.0180369 1.0094
29.8353 0.0186266 1.00985
29.8761 0.0191452 1.01032
29.9174 0.0195842 1.0108
29.9591 0.0199359 1.01129
30.0011 0.0201935 1.01179
30.0434 0.0203515 1.0123
30.086 0.0204054 1.01282
30.1286 0.0203525 1.01334
30.1713 0.0201914 1.01387
30.2139 0.0199224 1.01439
30.2564 0.0195476 1.01492
30.2986 0.019071 1.01545
30.3405 0.0184984 1.01598
30.3819 0.0178374 1.0165
30.4228 0.0170977 1.01702
30.4629 0.0162904 1.01754
30.5023 0.0154284 1.01805
30.5408 0.0145263 1.01854
30.5783 0.0135993 1.01903
30.6148 0.0126641 1.01951
30.6502 0.0117373 1.01998
30.6844 0.0108359 1.02043
30.7174 0.00997594 1.02087
30.7493 0.00917232 1.0213
30.7799 0.00843778 1.02171
30.8095 0.00778189 1.02211
30.8381 0.00721034 1.02249
30.8659 0.00672311 1.02285
30.8931 0.0063138 1.0232
30.9199 0.00596774 1.02354
30.9053 -0.000464112 1.01013
30.9322 -0.000467887 1.01013
30.9591 -0.000458655 1.01013
30.9862 -0.000427004 1.01013
31.0133 -0.000364475 1.01014
31.0407 -0.0002636 1.01016
31.0683 -0.000117926 1.0102
31.0962 7.7948e-05 1.01025
31.1244 0.000328348 1.01032
31.153 0.000636503 1.0104
31.1819 0.00100453 1.0105
31.2113 0.0014334 1.01061
31.2411 0.00192298 1.01075
31.2715 0.00247199 1.0109
31.3024 0.00307805 1.01108
31.3338 0.00373765 1.01127
31.3658 0.00444626 1.01147
31.3984 0.00519831 1.0117
31.4317 0.00598726 1.01194
31.4656 0.00680568 1.0122
31.5001 0.00764531 1.01247
31.5353 0.00849715 1.01275
31.5712 0.00935159 1.01305
31.6077 0.0101985 1.01337
31.6448 0.0110273 1.01369
31.6827 0.0118272 1.01403
31.7211 0.0125873 1.01437
31.7602 0.0132967 1.01473
31.7998 0.0139448 1.01509
31.84 0.0145213 1.01546
31.8807 0.0150163 1.01584
31.9219 0.0154209 1.01622
31.9635 0.0157268 1.01661
32.0054 0.0159271 1.017
32.0476 0.0160159 1.0174
32.09 0.0159887 1.0178
32.1325 0.0158428 1.0182
32.1751 0.0155768 1.0186
32.2176 0.0151915 1.019
32.2599 0.0146893 1.0194
32.3021 0.014075 1.0198
32.3438 0.013355 1.0202
32.3852 0.0125378 1.0206
32.4259 0.0116341 1.021
32.466 0.0106565 1.02139
32.5053 0.00961897 1.02178
32.5437 0.00853743 1.02217
32.5812 0.00742888 1.02256
32.6176 0.00631124 1.02294
32.653 0.00520292 1.02332
32.6871 0.00412223 1.0237
32.7201 0.00308684 1.02407
32.7519 0.00211287 1.02444
32.7826 0.001214 1.02481
32.8121 0.000400901 1.02517
32.8407 -0.000320613 1.02552
32.8684 -0.000950396 1.02587
32.8956 -0.00149536 1.02621
32.9224 -0.00197208 1.02654
32.9069 -0.00187746 1.01213
32.9407 -0.0018665 1.01211
32.9745 -0.00183562 1.01206
33.0086 -0.00177096 1.01197
33.0429 -0.001661 1.01183
33.0777 -0.00149656 1.01161
33.1129 -0.00127091 1.0113
33.1486 -0.000979785 1.01088
33.185 -0.000621417 1.01033
33.2221 -0.000196523 1.00964
33.2599 0.000291702 1.00878
33.2986 0.000837642 1.00776
33.338 0.00143335 1.00655
33.3784 0.00206865 1.00515
33.4196 0.00273132 1.00356
33.4618 0.00340729 1.00177
33.5048 0.00408085 0.999787
33.5487 0.00473497 0.997612
33.5935 0.00535163 0.995257
33.6391 0.00591214 0.992735
33.6854 0.00639757 0.990066
33.7324 0.00678921 0.987274
33.7799 0.00706898 0.984386
33.8278 0.00721998 0.981438
33.876 0.00722691 0.978469
33.9243 0.00707671 0.975523
33.9725 0.00675889 0.972651
34.0205 0.00626617 0.969909
34.0679 0.00559486 0.967355
34.1146 0.00474531 0.965055
34.1602 0.00372221 0.963078
34.2045 0.00253487 0.961495
34.2472 0.00119749 0.96038
34.2881 -0.000271052 0.95981
34.3267 -0.00184703 0.959859
34.3627 -0.00350238 0.960603
34.396 -0.00520514 0.962112
34.4263 -0.00692019 0.964452
34.4532 -0.00861031 0.967679
34.4767 -0.0102375 0.971843
34.4965 -0.0117649 0.976976
34.5126 -0.0131584 0.983093
34.5252 -0.0143899 0.99019
34.5342 -0.0154397 0.998235
34.5401 -0.0163004 1.00716
34.5432 -0.0169813 1.01688
34.5443 -0.0175129 1.02723
34.5317 -0.0212137 1.01394
34.5216 -0.0233432 0.999939
34.5563 -0.0235241 1.00043
34.592 -0.0228585 1.00514
34.6293 -0.0208068 1.01782
34.669 -0.0172258 1.04143
34.7116 -0.0123643 1.07794
34.757 -0.00680434 1.12797
34.8052 -0.0013372 1.19043
34.8549 0.00322238 1.26224
34.9044 0.00626135 1.3382
34.9506 0.00759035 1.41124
34.9897 0.00759172 1.47324
35.0178 0.00719261 1.51677
35.0327 0.00752693 1.53798
35.0192 0.00387606 1.52436
