0.00106712 0.00258675 0.995632
0.000987064 0.00253444 0.99558
0.00102158 0.00248252 0.995526
0.00128399 0.00243156 0.99547
0.00188641 0.00238216 0.995411
0.00293951 0.00233498 0.995348
0.0045524 0.00229069 0.99528
0.00683235 0.00225004 0.995206
0.00988464 0.00221381 0.995125
0.0138123 0.00218284 0.995037
0.0187158 0.00215804 0.994942
0.024693 0.00214035 0.994839
0.0318387 0.00213078 0.994729
0.0402443 0.00213039 0.99461
0.0499979 0.00214032 0.994484
0.0611834 0.00216173 0.99435
0.0738806 0.00219586 0.994209
0.088165 0.00224396 0.994062
0.104107 0.00230736 0.993909
0.121772 0.00238741 0.993751
0.141219 0.00248546 0.993589
0.162503 0.00260291 0.993424
0.18567 0.00274116 0.993258
0.210762 0.0029016 0.99309
0.237812 0.00308561 0.992924
0.266846 0.00329453 0.99276
0.297884 0.00352968 0.9926
0.330935 0.00379228 0.992446
0.366001 0.00408353 0.992299
0.403075 0.00440449 0.992161
0.442142 0.00475615 0.992034
0.483175 0.00513934 0.99192
0.526138 0.00555477 0.99182
0.570986 0.00600298 0.991737
0.617664 0.00648433 0.991671
0.666104 0.00699897 0.991625
0.71623 0.00754684 0.9916
0.767954 0.00812765 0.991598
0.821178 0.00874084 0.99162
0.875791 0.0093856 0.991666
0.931675 0.0100608 0.991739
0.988698 0.0107651 0.991839
1.04672 0.0114968 0.991967
1.10559 0.0122537 0.992122
1.16515 0.0130337 0.992306
1.22523 0.0138341 0.992517
1.28565 0.0146517 0.992756
1.34622 0.0154834 0.993022
1.40676 0.0163255 0.993313
1.46707 0.0171741 0.993628
1.52695 0.0180249 0.993966
1.5862 0.0188735 0.994325
1.6446 0.0197153 0.994702
1.70196 0.0205453 0.995095
1.75808 0.0213586 0.9955
1.81275 0.02215 0.995915
1.8658 0.0229144 0.996336
1.91704 0.0236466 0.996759
1.96631 0.0243418 0.997181
2.01346 0.0249952 0.997598
2.05837 0.0256023 0.998007
2.10093 0.0261591 0.998403
2.14106 0.0266622 0.998783
2.17874 0.0271088 0.999143
2.21395 0.0274972 0.99948
2.24674 0.0278265 0.999794
2.2772 0.0280971 1.00008
2.30548 0.0283109 1.00034
2.33179 0.0284715 1.00057
2.35642 0.0285842 1.00078
2.37972 0.0286568 1.00096
2.40215 0.0286994 1.00113
2.39866 0.0217147 0.996773
2.42477 0.0215122 0.99685
2.45093 0.0213218 0.996924
2.47717 0.0211538 0.996993
2.50355 0.0210179 0.997054
2.53009 0.020923 0.997103
2.55685 0.0208774 0.99714
2.58385 0.0208885 0.99716
2.61114 0.0209626 0.997162
2.63875 0.0211053 0.997144
2.66673 0.0213211 0.997103
2.69509 0.0216132 0.997038
2.72387 0.0219837 0.996946
2.75311 0.0224335 0.996827
2.78282 0.0229619 0.996679
2.81303 0.0235668 0.9965
2.84376 0.0242446 0.99629
2.87503 0.0249899 0.996047
2.90686 0.0257956 0.995772
2.93925 0.0266526 0.995464
2.97222 0.02755 0.995122
3.00576 0.0284747 0.994748
3.03989 0.0294112 0.994341
3.07459 0.030342 0.993903
3.10986 0.0312472 0.993434
3.14569 0.0321042 0.992935
3.18206 0.0328882 0.992408
3.21894 0.0335714 0.991854
3.25632 0.0341237 0.991277
3.29416 0.0345121 0.990678
3.33242 0.034701 0.990059
3.37106 0.0346521 0.989424
3.41004 0.0343242 0.988775
3.44931 0.0336737 0.988115
3.4888 0.0326545 0.98745
3.52846 0.0312179 0.986781
3.56823 0.0293129 0.986113
3.60802 0.0268867 0.98545
3.64778 0.0238844 0.984795
3.68742 0.0202497 0.984154
3.72687 0.015925 0.98353
3.76603 0.0108521 0.982928
3.80484 0.00497239 0.982352
3.84321 -0.0017725 0.981805
3.88105 -0.00943998 0.981292
3.91829 -0.0180859 0.980818
3.95484 -0.0277638 0.980384
3.99065 -0.0385236 0.979995
4.02563 -0.0504114 0.979654
4.05974 -0.0634673 0.979362
4.09293 -0.077725 0.979123
4.12516 -0.0932104 0.978936
4.15641 -0.109939 0.978803
4.18669 -0.127917 0.978723
4.21601 -0.147134 0.978696
4.24442 -0.167569 0.978718
4.272 -0.18918 0.978788
4.29884 -0.211908 0.9789
4.32509 -0.23567 0.979049
4.35093 -0.260361 0.979227
4.3766 -0.285845 0.979425
4.36928 -0.283608 0.975267
4.39208 -0.306547 0.975179
4.41489 -0.329519 0.975091
4.43773 -0.352557 0.975005
4.46061 -0.375694 0.974922
4.48355 -0.398962 0.974842
4.50656 -0.422391 0.974767
4.52965 -0.446012 0.974698
4.55283 -0.469855 0.974634
4.57612 -0.493947 0.974578
4.59953 -0.518317 0.97453
4.62307 -0.542989 0.97449
4.64674 -0.567988 0.974461
4.67057 -0.593338 0.974442
4.69455 -0.61906 0.974435
4.7187 -0.645173 0.974439
4.74302 -0.671694 0.974458
4.76752 -0.69864 0.97449
4.7922 -0.726023 0.974537
4.81708 -0.753854 0.9746
4.84215 -0.782141 0.974679
4.86741 -0.81089 0.974776
4.89287 -0.840102 0.974891
4.91853 -0.869777 0.975025
4.94438 -0.899911 0.975179
4.97042 -0.930496 0.975354
4.99665 -0.961522 0.97555
5.02306 -0.992972 0.975768
5.04964 -1.02483 0.976008
5.07639 -1.05707 0.976272
5.10329 -1.08966 0.97656
5.13033 -1.12258 0.976873
5.15749 -1.15579 0.977211
5.18477 -1.18925 0.977574
5.21213 -1.2229 0.977963
5.23956 -1.25672 0.978379
5.26704 -1.29062 0.97882
5.29453 -1.32457 0.979289
5.32202 -1.3585 0.979784
5.34948 -1.39233 0.980306
5.37687 -1.426 0.980854
5.40417 -1.45943 0.981429
5.43133 -1.49253 0.982029
5.45833 -1.52523 0.982655
5.48512 -1.55744 0.983306
5.51168 -1.58906 0.983982
5.53795 -1.62001 0.984681
5.5639 -1.65019 0.985402
5.58949 -1.67951 0.986145
5.61468 -1.70786 0.986909
5.63943 -1.73516 0.987691
5.6637 -1.76131 0.988491
5.68745 -1.78622 0.989307
5.71064 -1.80979 0.990138
5.73325 -1.83196 0.990981
5.75524 -1.85263 0.991835
5.77658 -1.87175 0.992698
5.79726 -1.88926 0.993568
5.81725 -1.9051 0.994443
5.83654 -1.91925 0.995322
5.85515 -1.93168 0.996201
5.87306 -1.9424 0.99708
5.8903 -1.95143 0.997956
5.90689 -1.95881 0.998828
5.92289 -1.96462 0.999695
5.93834 -1.96897 1.00055
5.95331 -1.97198 1.0014
5.9679 -1.97384 1.00225
5.98223 -1.97475 1.00308
5.99641 -1.97499 1.0039
5.98868 -1.98092 0.999158
6.01234 -1.98106 0.999219
6.03609 -1.98118 0.999273
6.06001 -1.98125 0.999314
6.0842 -1.98124 0.999336
6.10874 -1.98115 0.999334
6.13371 -1.98095 0.999302
6.15918 -1.98062 0.999235
6.18524 -1.98015 0.999128
6.21196 -1.97954 0.998978
6.23938 -1.97876 0.99878
6.26759 -1.97782 0.99853
6.29662 -1.9767 0.998227
6.32652 -1.97541 0.997868
6.35733 -1.97394 0.997452
6.38909 -1.9723 0.996979
6.4218 -1.97049 0.996449
6.45548 -1.96853 0.995864
6.49012 -1.96642 0.995227
6.52572 -1.96418 0.994541
6.56224 -1.96182 0.993811
6.59965 -1.95936 0.993044
6.6379 -1.95683 0.992247
6.67692 -1.95425 0.991428
6.71663 -1.95164 0.990599
6.75694 -1.94903 0.989769
6.79776 -1.94645 0.988952
6.83895 -1.94394 0.988161
6.88042 -1.94151 0.98741
6.92201 -1.9392 0.986714
6.9636 -1.93704 0.986087
7.00506 -1.93506 0.985546
7.04625 -1.93327 0.985104
7.08704 -1.93171 0.984775
7.12735 -1.93038 0.984571
7.16707 -1.9293 0.984502
7.20615 -1.92848 0.984573
7.24459 -1.92791 0.984787
7.28242 -1.92758 0.98514
7.31976 -1.92747 0.985621
7.35678 -1.92754 0.986214
7.39379 -1.92776 0.986888
7.38478 -1.92883 0.980809
7.41129 -1.92892 0.980793
7.43784 -1.92901 0.980778
7.4645 -1.9291 0.980765
7.49129 -1.92918 0.980753
7.51828 -1.92927 0.980745
7.54551 -1.92936 0.98074
7.57302 -1.92944 0.98074
7.60085 -1.92953 0.980745
7.62905 -1.92963 0.980756
7.65765 -1.92972 0.980775
7.6867 -1.92983 0.9808
7.71621 -1.92994 0.980834
7.74624 -1.93006 0.980877
7.77681 -1.9302 0.98093
7.80793 -1.93035 0.980994
7.83965 -1.93052 0.981068
7.87198 -1.9307 0.981155
7.90493 -1.93091 0.981255
7.93852 -1.93115 0.981368
7.97276 -1.9314 0.981495
8.00765 -1.93169 0.981638
8.0432 -1.93201 0.981796
8.0794 -1.93236 0.98197
8.11624 -1.93275 0.982161
8.15371 -1.93318 0.982369
8.19178 -1.93364 0.982596
8.23044 -1.93414 0.98284
8.26966 -1.93468 0.983103
8.30938 -1.93527 0.983385
8.34958 -1.93589 0.983686
8.39021 -1.93656 0.984006
8.43121 -1.93726 0.984345
8.47252 -1.938 0.984702
8.51408 -1.93878 0.985077
8.55581 -1.9396 0.985469
8.59764 -1.94044 0.985879
8.63949 -1.94131 0.986304
8.68127 -1.9422 0.986743
8.7229 -1.94311 0.987196
8.76427 -1.94403 0.987661
8.8053 -1.94495 0.988136
8.8459 -1.94587 0.98862
8.88595 -1.94679 0.98911
8.92538 -1.94768 0.989604
8.96409 -1.94855 0.9901
9.00198 -1.94939 0.990596
9.03899 -1.95018 0.991089
9.07504 -1.95092 0.991576
9.11006 -1.95161 0.992056
9.14401 -1.95223 0.992525
9.17686 -1.95278 0.992982
9.20861 -1.95325 0.993425
9.23926 -1.95364 0.993851
9.26885 -1.95395 0.994259
9.29747 -1.95418 0.994648
9.32522 -1.95433 0.995018
9.35226 -1.9544 0.995368
9.37878 -1.95442 0.995702
9.40506 -1.95439 0.996019
9.39557 -1.95582 0.989335
9.42252 -1.9559 0.989319
9.44951 -1.95598 0.989303
9.47661 -1.95605 0.989288
9.50386 -1.95612 0.989272
9.53131 -1.95617 0.989258
9.55899 -1.9562 0.989245
9.58697 -1.95622 0.989233
9.61528 -1.95622 0.989223
9.64396 -1.9562 0.989214
9.67305 -1.95616 0.989207
9.7026 -1.9561 0.989202
9.73263 -1.95602 0.989199
9.76318 -1.95592 0.989199
9.79428 -1.95581 0.989201
9.82596 -1.95568 0.989206
9.85823 -1.95553 0.989214
9.89113 -1.95536 0.989225
9.92466 -1.95519 0.98924
9.95884 -1.955 0.98926
9.99367 -1.95481 0.989284
10.0292 -1.95461 0.989314
10.0653 -1.95441 0.989349
10.1022 -1.95422 0.98939
10.1396 -1.95402 0.989439
10.1777 -1.95384 0.989494
10.2164 -1.95366 0.989558
10.2557 -1.9535 0.98963
10.2955 -1.95335 0.989712
10.3358 -1.95323 0.989804
10.3766 -1.95313 0.989906
10.4178 -1.95305 0.990019
10.4593 -1.953 0.990144
10.5012 -1.95298 0.990282
10.5432 -1.95299 0.990432
10.5854 -1.95302 0.990595
10.6276 -1.9531 0.990772
10.6698 -1.9532 0.990963
10.7119 -1.95333 0.991167
10.7537 -1.9535 0.991385
10.7953 -1.95369 0.991617
10.8364 -1.95391 0.991863
10.8771 -1.95415 0.992123
10.9171 -1.95441 0.992395
10.9564 -1.95468 0.99268
10.9949 -1.95496 0.992977
11.0326 -1.95525 0.993284
11.0693 -1.95554 0.993602
11.1049 -1.95582 0.993928
11.1395 -1.95609 0.994261
11.173 -1.95634 0.994601
11.2053 -1.95657 0.994945
11.2365 -1.95678 0.995292
11.2667 -1.95695 0.99564
11.2958 -1.95708 0.995989
11.3241 -1.95718 0.996335
11.3516 -1.95725 0.996677
11.3786 -1.95729 0.997015
11.4053 -1.9573 0.997345
11.3952 -1.95868 0.990009
11.4221 -1.95876 0.989984
11.4491 -1.95884 0.989959
11.4762 -1.9589 0.989934
11.5034 -1.95896 0.989912
11.5308 -1.959 0.989891
11.5585 -1.95902 0.989874
11.5865 -1.95903 0.98986
11.6148 -1.95901 0.989851
11.6434 -1.95898 0.989845
11.6725 -1.95892 0.989844
11.7021 -1.95884 0.989849
11.7321 -1.95874 0.989858
11.7626 -1.95862 0.989874
11.7937 -1.95848 0.989895
11.8254 -1.95831 0.989923
11.8577 -1.95814 0.989958
11.8906 -1.95795 0.99
11.9242 -1.95774 0.990049
11.9584 -1.95753 0.990106
11.9932 -1.95731 0.990172
12.0288 -1.95709 0.990246
12.065 -1.95686 0.99033
12.1019 -1.95665 0.990423
12.1394 -1.95644 0.990526
12.1775 -1.95624 0.99064
12.2163 -1.95606 0.990766
12.2557 -1.9559 0.990902
12.2956 -1.95576 0.991051
12.336 -1.95565 0.991212
12.3769 -1.95556 0.991387
12.4182 -1.95552 0.991574
12.4599 -1.9555 0.991775
12.5018 -1.95552 0.99199
12.544 -1.95559 0.992218
12.5863 -1.95569 0.992461
12.6287 -1.95583 0.992719
12.6711 -1.95601 0.99299
12.7133 -1.95624 0.993275
12.7554 -1.9565 0.993574
12.7971 -1.95679 0.993887
12.8384 -1.95712 0.994212
12.8793 -1.95747 0.99455
12.9195 -1.95785 0.994899
12.959 -1.95824 0.995259
12.9977 -1.95865 0.995628
13.0355 -1.95906 0.996007
13.0723 -1.95947 0.996392
13.1081 -1.95987 0.996784
13.1429 -1.96026 0.997181
13.1764 -1.96062 0.99758
13.2089 -1.96095 0.997981
13.2402 -1.96125 0.998382
13.2704 -1.96151 0.998781
13.2996 -1.96172 0.999177
13.3279 -1.96189 0.999567
13.3555 -1.96202 0.999951
13.3825 -1.96211 1.00033
13.4092 -1.96216 1.00069
13.3981 -1.96197 0.992992
13.425 -1.96205 0.992935
13.452 -1.96212 0.992879
13.479 -1.96217 0.992825
13.5062 -1.96222 0.992775
13.5336 -1.96225 0.992729
13.5613 -1.96226 0.992689
13.5892 -1.96225 0.992656
13.6175 -1.96222 0.99263
13.6461 -1.96217 0.992612
13.6751 -1.96209 0.992603
13.7047 -1.96199 0.992603
13.7346 -1.96187 0.992613
13.7652 -1.96172 0.992633
13.7962 -1.96156 0.992665
13.8279 -1.96137 0.992707
13.8601 -1.96117 0.992762
13.893 -1.96095 0.992828
13.9265 -1.96072 0.992907
13.9606 -1.96049 0.992999
13.9954 -1.96025 0.993104
14.0309 -1.96001 0.993222
14.0671 -1.95977 0.993354
14.1039 -1.95955 0.993501
14.1414 -1.95933 0.993662
14.1795 -1.95913 0.993838
14.2182 -1.95896 0.99403
14.2575 -1.95881 0.994236
14.2974 -1.95869 0.994458
14.3378 -1.95861 0.994696
14.3787 -1.95856 0.994949
14.4199 -1.95855 0.995218
14.4616 -1.95859 0.995503
14.5035 -1.95868 0.995804
14.5457 -1.95881 0.99612
14.588 -1.95899 0.996452
14.6304 -1.95922 0.996799
14.6728 -1.95951 0.99716
14.7151 -1.95983 0.997535
14.7572 -1.96021 0.997923
14.799 -1.96062 0.998325
14.8403 -1.96108 0.998737
14.8812 -1.96156 0.999161
14.9215 -1.96208 0.999595
14.9611 -1.96261 1.00004
14.9998 -1.96316 1.00049
15.0377 -1.96372 1.00094
15.0747 -1.96427 1.0014
15.1106 -1.96481 1.00186
15.1454 -1.96533 1.00233
15.179 -1.96582 1.00279
15.2116 -1.96628 1.00325
15.243 -1.96669 1.00371
15.2733 -1.96705 1.00416
15.3026 -1.96736 1.0046
15.3309 -1.96762 1.00504
15.3585 -1.96782 1.00546
15.3856 -1.96798 1.00588
15.4124 -1.9681 1.00628
15.3992 -1.96859 0.997115
15.426 -1.96867 0.997011
15.4529 -1.96874 0.996909
15.4799 -1.96879 0.996809
15.5071 -1.96882 0.996714
15.5344 -1.96884 0.996625
15.562 -1.96883 0.996543
15.5899 -1.96878 0.996469
15.6181 -1.96871 0.996405
15.6468 -1.96861 0.996351
15.6758 -1.96846 0.996309
15.7053 -1.96829 0.996279
15.7353 -1.96808 0.996262
15.7658 -1.96783 0.996258
15.7968 -1.96755 0.996268
15.8285 -1.96724 0.996294
15.8608 -1.9669 0.996334
15.8937 -1.96653 0.99639
15.9272 -1.96614 0.996463
15.9614 -1.96572 0.996552
15.9963 -1.96529 0.996659
16.0319 -1.96485 0.996784
16.0682 -1.9644 0.996926
16.1051 -1.96395 0.997087
16.1427 -1.9635 0.997267
16.1809 -1.96306 0.997466
16.2198 -1.96264 0.997685
16.2593 -1.96223 0.997923
16.2993 -1.96185 0.998182
16.3399 -1.96151 0.99846
16.381 -1.9612 0.998759
16.4225 -1.96093 0.999079
16.4644 -1.9607 0.999418
16.5066 -1.96053 0.999778
16.549 -1.96041 1.00016
16.5916 -1.96035 1.00056
16.6342 -1.96034 1.00098
16.6769 -1.96039 1.00141
16.7195 -1.96051 1.00187
16.7618 -1.96068 1.00234
16.8039 -1.96091 1.00283
16.8455 -1.96119 1.00334
16.8866 -1.96153 1.00386
16.9272 -1.96191 1.00439
16.967 -1.96233 1.00494
17.006 -1.96279 1.0055
17.0441 -1.96327 1.00606
17.0812 -1.96377 1.00663
17.1173 -1.96429 1.00721
17.1522 -1.9648 1.0078
17.186 -1.96531 1.00838
17.2187 -1.96581 1.00897
17.2501 -1.96628 1.00955
17.2804 -1.96672 1.01013
17.3097 -1.96713 1.0107
17.338 -1.9675 1.01126
17.3656 -1.96782 1.01182
17.3925 -1.96812 1.01236
17.4192 -1.96838 1.01289
17.405 -1.96986 1.00316
17.4318 -1.96992 1.00306
17.4587 -1.96998 1.00295
17.4856 -1.97002 1.00285
17.5128 -1.97005 1.00275
17.5401 -1.97004 1.00265
17.5677 -1.97002 1.00256
17.5956 -1.96995 1.00248
17.6238 -1.96986 1.0024
17.6523 -1.96973 1.00232
17.6814 -1.96956 1.00226
17.7108 -1.96935 1.0022
17.7408 -1.96911 1.00215
17.7713 -1.96882 1.00211
17.8023 -1.9685 1.00208
17.8339 -1.96815 1.00206
17.8662 -1.96776 1.00204
17.8991 -1.96734 1.00204
17.9326 -1.9669 1.00204
17.9668 -1.96644 1.00206
18.0017 -1.96596 1.00208
18.0372 -1.96547 1.00212
18.0735 -1.96498 1.00216
18.1104 -1.96448 1.00222
18.1479 -1.96399 1.00229
18.1862 -1.96352 1.00237
18.2251 -1.96306 1.00246
18.2645 -1.96263 1.00257
18.3046 -1.96223 1.00269
18.3452 -1.96187 1.00282
18.3863 -1.96156 1.00297
18.4278 -1.96129 1.00314
18.4697 -1.96108 1.00332
18.5119 -1.96092 1.00352
18.5544 -1.96083 1.00373
18.597 -1.96081 1.00397
18.6398 -1.96085 1.00422
18.6825 -1.96096 1.00449
18.7251 -1.96114 1.00479
18.7675 -1.96139 1.0051
18.8097 -1.9617 1.00544
18.8514 -1.96208 1.00579
18.8926 -1.96252 1.00617
18.9332 -1.963 1.00658
18.9731 -1.96354 1.007
19.0122 -1.96411 1.00745
19.0504 -1.96472 1.00792
19.0876 -1.96534 1.00841
19.1238 -1.96597 1.00893
19.1588 -1.96661 1.00946
19.1927 -1.96724 1.01001
19.2253 -1.96784 1.01058
19.2568 -1.96842 1.01117
19.2872 -1.96896 1.01177
19.3165 -1.96946 1.01238
19.3448 -1.96991 1.013
19.3723 -1.97031 1.01362
19.3993 -1.97067 1.01424
19.4259 -1.971 1.01486
19.411 -1.97166 1.0044
19.4378 -1.97172 1.0043
19.4647 -1.97178 1.0042
19.4917 -1.97182 1.0041
19.5188 -1.97184 1.004
19.5461 -1.97183 1.00391
19.5737 -1.9718 1.00383
19.6016 -1.97174 1.00376
19.6297 -1.97165 1.00369
19.6583 -1.97152 1.00363
19.6873 -1.97135 1.00358
19.7167 -1.97115 1.00355
19.7466 -1.97092 1.00352
19.777 -1.97064 1.0035
19.8079 -1.97034 1.0035
19.8394 -1.97001 1.0035
19.8716 -1.96964 1.00352
19.9043 -1.96926 1.00355
19.9377 -1.96885 1.00359
19.9717 -1.96844 1.00364
20.0064 -1.96801 1.0037
20.0417 -1.96758 1.00378
20.0778 -1.96715 1.00386
20.1145 -1.96674 1.00396
20.1518 -1.96634 1.00407
20.1898 -1.96596 1.0042
20.2284 -1.96561 1.00434
20.2676 -1.96531 1.00449
20.3074 -1.96504 1.00465
20.3477 -1.96482 1.00483
20.3885 -1.96467 1.00502
20.4297 -1.96457 1.00523
20.4713 -1.96454 1.00545
20.5133 -1.96458 1.00568
20.5554 -1.96469 1.00594
20.5978 -1.96488 1.0062
20.6402 -1.96514 1.00649
20.6826 -1.96548 1.00679
20.725 -1.9659 1.0071
20.7672 -1.96639 1.00743
20.809 -1.96696 1.00778
20.8505 -1.96758 1.00815
20.8915 -1.96827 1.00853
20.9319 -1.96901 1.00893
20.9716 -1.96978 1.00935
21.0106 -1.9706 1.00979
21.0486 -1.97143 1.01024
21.0857 -1.97227 1.0107
21.1217 -1.97311 1.01119
21.1566 -1.97393 1.01168
21.1904 -1.97473 1.01219
21.223 -1.97549 1.01271
21.2545 -1.9762 1.01324
21.2848 -1.97685 1.01377
21.3141 -1.97744 1.01431
21.3424 -1.97796 1.01485
21.37 -1.97842 1.01539
21.397 -1.97881 1.01593
21.4236 -1.97915 1.01645
21.4092 -1.9807 1.00556
21.436 -1.98075 1.00549
21.4629 -1.9808 1.00541
21.4899 -1.98083 1.00534
21.5171 -1.98083 1.00527
21.5444 -1.98081 1.0052
21.572 -1.98076 1.00514
21.5998 -1.98067 1.00509
21.628 -1.98054 1.00505
21.6566 -1.98037 1.00502
21.6855 -1.98016 1.00499
21.7149 -1.9799 1.00498
21.7448 -1.9796 1.00497
21.7751 -1.97925 1.00497
21.806 -1.97886 1.00498
21.8375 -1.97844 1.005
21.8696 -1.97797 1.00503
21.9023 -1.97748 1.00507
21.9356 -1.97696 1.00511
21.9695 -1.97641 1.00517
22.0041 -1.97585 1.00523
22.0394 -1.97528 1.0053
22.0753 -1.97471 1.00538
22.1119 -1.97413 1.00547
22.1491 -1.97357 1.00556
22.187 -1.97303 1.00566
22.2255 -1.97252 1.00577
22.2646 -1.97204 1.00589
22.3042 -1.9716 1.00602
22.3444 -1.97121 1.00615
22.385 -1.97088 1.0063
22.4261 -1.9706 1.00645
22.4676 -1.9704 1.00661
22.5094 -1.97027 1.00678
22.5515 -1.97022 1.00696
22.5937 -1.97025 1.00715
22.636 -1.97036 1.00735
22.6783 -1.97055 1.00756
22.7206 -1.97083 1.00779
22.7627 -1.97119 1.00802
22.8044 -1.97163 1.00827
22.8459 -1.97214 1.00854
22.8868 -1.97272 1.00882
22.9272 -1.97336 1.00911
22.9668 -1.97405 1.00942
23.0057 -1.97478 1.00974
23.0437 -1.97555 1.01008
23.0808 -1.97633 1.01043
23.1168 -1.97712 1.0108
23.1518 -1.9779 1.01118
23.1856 -1.97866 1.01158
23.2182 -1.97939 1.01199
23.2497 -1.98007 1.01241
23.2801 -1.9807 1.01284
23.3094 -1.98127 1.01328
23.3378 -1.98178 1.01373
23.3654 -1.98222 1.01417
23.3925 -1.9826 1.01461
23.4192 -1.98294 1.01504
23.4042 -1.98522 1.00338
23.431 -1.98526 1.00331
23.4579 -1.9853 1.00324
23.4849 -1.98532 1.00317
23.5121 -1.98532 1.00311
23.5394 -1.98528 1.00305
23.567 -1.98521 1.00301
23.5948 -1.9851 1.00297
23.623 -1.98494 1.00295
23.6516 -1.98474 1.00294
23.6805 -1.98449 1.00294
23.7099 -1.98418 1.00295
23.7398 -1.98383 1.00298
23.7702 -1.98343 1.00302
23.8011 -1.98298 1.00308
23.8326 -1.98248 1.00315
23.8647 -1.98195 1.00323
23.8975 -1.98137 1.00332
23.9308 -1.98076 1.00343
23.9648 -1.98013 1.00355
23.9995 -1.97947 1.00369
24.0348 -1.9788 1.00384
24.0708 -1.97812 1.004
24.1075 -1.97744 1.00417
24.1449 -1.97677 1.00436
24.1828 -1.97612 1.00455
24.2215 -1.9755 1.00476
24.2607 -1.97491 1.00498
24.3005 -1.97436 1.00521
24.3408 -1.97386 1.00545
24.3816 -1.97342 1.0057
24.4229 -1.97305 1.00597
24.4646 -1.97275 1.00624
24.5066 -1.97253 1.00652
24.5488 -1.97239 1.00682
24.5913 -1.97234 1.00712
24.6338 -1.97238 1.00744
24.6764 -1.97251 1.00776
24.7188 -1.97273 1.00809
24.7611 -1.97304 1.00844
24.8032 -1.97344 1.00879
24.8448 -1.97392 1.00915
24.886 -1.97448 1.00953
24.9266 -1.9751 1.00991
24.9665 -1.97578 1.0103
25.0056 -1.97652 1.0107
25.0439 -1.97729 1.01111
25.0812 -1.97808 1.01153
25.1174 -1.97889 1.01196
25.1525 -1.97969 1.01239
25.1865 -1.98048 1.01283
25.2192 -1.98123 1.01328
25.2509 -1.98195 1.01372
25.2813 -1.98261 1.01418
25.3108 -1.98321 1.01463
25.3392 -1.98375 1.01507
25.3669 -1.98421 1.01552
25.3939 -1.98462 1.01595
25.4207 -1.98498 1.01637
25.4071 -1.98717 1.00406
25.4339 -1.98722 1.00399
25.4608 -1.98725 1.00393
25.4878 -1.98727 1.00387
25.5149 -1.98726 1.00382
25.5423 -1.98721 1.00377
25.5698 -1.98713 1.00374
25.5977 -1.987 1.00371
25.6258 -1.98683 1.0037
25.6544 -1.98661 1.00371
25.6833 -1.98633 1.00372
25.7127 -1.986 1.00376
25.7425 -1.98561 1.00381
25.7729 -1.98518 1.00387
25.8038 -1.98469 1.00395
25.8353 -1.98415 1.00405
25.8673 -1.98357 1.00416
25.9 -1.98295 1.00429
25.9333 -1.98229 1.00443
25.9673 -1.98161 1.00459
26.0019 -1.9809 1.00476
26.0372 -1.98018 1.00494
26.0731 -1.97945 1.00514
26.1098 -1.97872 1.00536
26.147 -1.97801 1.00558
26.185 -1.97731 1.00582
26.2235 -1.97664 1.00607
26.2627 -1.97601 1.00633
26.3024 -1.97543 1.00661
26.3427 -1.9749 1.00689
26.3835 -1.97444 1.00718
26.4248 -1.97405 1.00749
26.4664 -1.97374 1.0078
26.5083 -1.97351 1.00812
26.5506 -1.97338 1.00846
26.593 -1.97334 1.0088
26.6355 -1.9734 1.00914
26.6781 -1.97355 1.0095
26.7206 -1.97381 1.00987
26.7629 -1.97416 1.01024
26.8049 -1.9746 1.01062
26.8466 -1.97513 1.01101
26.8878 -1.97575 1.0114
26.9284 -1.97643 1.01181
26.9684 -1.97718 1.01222
27.0075 -1.97798 1.01264
27.0458 -1.97882 1.01306
27.0831 -1.97969 1.0135
27.1194 -1.98056 1.01394
27.1546 -1.98143 1.01438
27.1886 -1.98228 1.01484
27.2214 -1.9831 1.0153
27.2531 -1.98386 1.01576
27.2836 -1.98457 1.01623
27.313 -1.9852 1.0167
27.3415 -1.98577 1.01718
27.3692 -1.98626 1.01765
27.3962 -1.98667 1.01812
27.423 -1.98704 1.01858
27.4096 -1.99116 1.00614
27.4365 -1.99118 1.00608
27.4634 -1.99118 1.00602
27.4904 -1.99117 1.00596
27.5175 -1.99113 1.00591
27.5448 -1.99106 1.00587
27.5724 -1.99094 1.00584
27.6003 -1.99078 1.00583
27.6284 -1.99057 1.00583
27.657 -1.9903 1.00584
27.6859 -1.98998 1.00587
27.7153 -1.98961 1.00591
27.7452 -1.98918 1.00597
27.7755 -1.9887 1.00605
27.8064 -1.98816 1.00614
27.8378 -1.98758 1.00625
27.8699 -1.98695 1.00638
27.9025 -1.98629 1.00652
27.9358 -1.98559 1.00668
27.9697 -1.98486 1.00685
28.0043 -1.98411 1.00704
28.0396 -1.98335 1.00724
28.0755 -1.98259 1.00746
28.112 -1.98184 1.00768
28.1493 -1.9811 1.00793
28.1871 -1.98039 1.00818
28.2256 -1.97971 1.00844
28.2647 -1.97908 1.00872
28.3044 -1.97851 1.009
28.3446 -1.978 1.0093
28.3854 -1.97757 1.00961
28.4265 -1.97722 1.00992
28.4681 -1.97696 1.01024
28.51 -1.97679 1.01058
28.5522 -1.97673 1.01092
28.5946 -1.97677 1.01127
28.637 -1.97693 1.01163
28.6796 -1.97719 1.01199
28.722 -1.97757 1.01236
28.7643 -1.97805 1.01275
28.8063 -1.97863 1.01314
28.848 -1.97932 1.01353
28.8892 -1.98009 1.01394
28.9298 -1.98094 1.01436
28.9697 -1.98187 1.01478
29.0089 -1.98285 1.01521
29.0471 -1.98387 1.01566
29.0845 -1.98492 1.01611
29.1207 -1.98598 1.01657
29.1559 -1.98704 1.01704
29.1899 -1.98807 1.01753
29.2227 -1.98906 1.01802
29.2544 -1.99001 1.01852
29.2849 -1.99088 1.01902
29.3143 -1.99168 1.01954
29.3428 -1.9924 1.02006
29.3704 -1.99303 1.02058
29.3974 -1.99359 1.0211
29.4242 -1.99409 1.02161
29.4101 -1.99838 1.00827
29.4369 -1.99839 1.00821
29.4638 -1.99839 1.00815
29.4908 -1.99836 1.0081
29.518 -1.99831 1.00805
29.5453 -1.99821 1.00802
29.5729 -1.99808 1.008
29.6007 -1.99789 1.00799
29.6289 -1.99765 1.00799
29.6574 -1.99736 1.00802
29.6863 -1.997 1.00806
29.7157 -1.99658 1.00812
29.7455 -1.99611 1.00819
29.7758 -1.99557 1.00829
29.8067 -1.99498 1.0084
29.8381 -1.99433 1.00853
29.8701 -1.99364 1.00868
29.9027 -1.9929 1.00885
29.936 -1.99212 1.00903
29.9699 -1.99131 1.00923
30.0044 -1.99048 1.00945
30.0396 -1.98964 1.00968
30.0755 -1.98879 1.00993
30.112 -1.98794 1.01019
30.1492 -1.98712 1.01047
30.1871 -1.98631 1.01075
30.2255 -1.98555 1.01105
30.2646 -1.98483 1.01136
30.3042 -1.98417 1.01169
30.3444 -1.98358 1.01202
30.3851 -1.98307 1.01236
30.4263 -1.98264 1.01271
30.4679 -1.98231 1.01307
30.5098 -1.98208 1.01344
30.5519 -1.98196 1.01381
30.5943 -1.98196 1.01419
30.6368 -1.98207 1.01458
30.6793 -1.98229 1.01497
30.7218 -1.98264 1.01537
30.7641 -1.98309 1.01578
30.8062 -1.98366 1.01619
30.8479 -1.98434 1.01661
30.8891 -1.98511 1.01703
30.9298 -1.98597 1.01746
30.9698 -1.98691 1.0179
31.009 -1.9879 1.01834
31.0473 -1.98895 1.01879
31.0847 -1.99002 1.01924
31.1211 -1.99111 1.0197
31.1563 -1.99219 1.02017
31.1903 -1.99326 1.02065
31.2232 -1.99428 1.02113
31.2549 -1.99525 1.02162
31.2855 -1.99615 1.02211
31.3149 -1.99697 1.0226
31.3434 -1.9977 1.0231
31.371 -1.99836 1.0236
31.3981 -1.99893 1.0241
31.4248 -1.99943 1.02459
31.4099 -2.00397 1.0101
31.4381 -2.004 1.01002
31.4664 -2.00402 1.00995
31.4949 -2.00402 1.00989
31.5235 -2.00399 1.00984
31.5523 -2.00392 1.0098
31.5813 -2.0038 1.00978
31.6107 -2.00363 1.00978
31.6405 -2.0034 1.00981
31.6707 -2.00311 1.00985
31.7014 -2.00275 1.00992
31.7325 -2.00232 1.01002
31.7642 -2.00181 1.01014
31.7964 -2.00123 1.01028
31.8293 -2.00056 1.01045
31.8628 -1.9998 1.01065
31.8969 -1.99896 1.01088
31.9317 -1.99802 1.01112
31.9672 -1.99699 1.01139
32.0034 -1.99587 1.01169
32.0404 -1.99464 1.01201
32.078 -1.9933 1.01234
32.1163 -1.99185 1.0127
32.1553 -1.99028 1.01308
32.195 -1.98858 1.01347
32.2353 -1.98674 1.01389
32.2762 -1.98475 1.01431
32.3176 -1.98259 1.01475
32.3596 -1.98024 1.0152
32.402 -1.97769 1.01566
32.4448 -1.97491 1.01613
32.4879 -1.97187 1.01661
32.5312 -1.96856 1.0171
32.5746 -1.96492 1.01759
32.618 -1.96094 1.01808
32.6614 -1.95656 1.01858
32.7045 -1.95175 1.01908
32.7472 -1.94647 1.01958
32.7895 -1.94066 1.02008
32.8312 -1.93428 1.02058
32.8721 -1.92727 1.02108
32.9121 -1.91959 1.02157
32.9511 -1.91117 1.02207
32.9889 -1.90197 1.02256
33.0254 -1.89193 1.02304
33.0606 -1.88101 1.02353
33.0942 -1.86916 1.02401
33.1263 -1.85634 1.02449
33.1567 -1.84253 1.02496
33.1855 -1.82771 1.02543
33.2127 -1.81187 1.02589
33.2383 -1.79502 1.02635
33.2625 -1.7772 1.02681
33.2855 -1.75845 1.02726
33.3075 -1.73887 1.0277
33.3289 -1.71856 1.02813
33.3188 -1.72537 1.01769
33.3427 -1.70134 1.01786
33.3666 -1.67722 1.018
33.3906 -1.65294 1.01809
33.4148 -1.62841 1.01813
33.4392 -1.60356 1.01807
33.4638 -1.57834 1.01791
33.4888 -1.55267 1.01761
33.5141 -1.5265 1.01717
33.5398 -1.49978 1.01655
33.5659 -1.47248 1.01574
33.5925 -1.44454 1.01473
33.6196 -1.41595 1.01349
33.6471 -1.38668 1.01202
33.6752 -1.35673 1.0103
33.7038 -1.3261 1.00832
33.7329 -1.29479 1.00608
33.7625 -1.26281 1.00358
33.7927 -1.23021 1.00082
33.8233 -1.19703 0.997797
33.8544 -1.1633 0.99453
33.8859 -1.12911 0.991031
33.9178 -1.09452 0.987317
33.95 -1.05962 0.983414
33.9825 -1.02451 0.979351
34.0151 -0.989309 0.97516
34.0479 -0.954131 0.970884
34.0806 -0.919112 0.966566
34.1132 -0.884396 0.962258
34.1455 -0.850136 0.958016
34.1775 -0.816491 0.953901
34.2089 -0.783631 0.94998
34.2396 -0.751728 0.946323
34.2695 -0.720958 0.943004
34.2983 -0.691498 0.940101
34.3259 -0.663523 0.937693
34.3522 -0.637204 0.93586
34.3769 -0.612703 0.934681
34.3999 -0.590171 0.934236
34.4209 -0.569741 0.934596
34.44 -0.551525 0.935831
34.4569 -0.53561 0.937998
34.4715 -0.522047 0.941144
34.4838 -0.51085 0.945302
34.4938 -0.501985 0.950486
34.5016 -0.495361 0.956684
34.5071 -0.490825 0.963861
34.5108 -0.488151 0.971947
34.5127 -0.487024 0.980833
34.5135 -0.487037 0.990366
34.5011 -0.490834 0.97679
34.4923 -0.491677 0.964527
34.5166 -0.466772 0.964723
34.5413 -0.441267 0.966477
34.5668 -0.414659 0.971235
34.5935 -0.386579 0.980289
34.6216 -0.356812 0.994742
34.6513 -0.325311 1.01546
34.6829 -0.29221 1.043
34.7162 -0.257829 1.07758
34.7514 -0.222672 1.11897
34.788 -0.187407 1.16648
34.8258 -0.152844 1.21888
34.8638 -0.119893 1.27439
34.9012 -0.0895027 1.3307
34.9367 -0.0625947 1.38511
34.9687 -0.0399702 1.43462
34.9958 -0.0222079 1.4763
35.0165 -0.00954646 1.50766
35.0301 -0.00175297 1.52731
35.0367 0.00201625 1.53578
35.0233 -0.00159088 1.52208
