0.00194284 0.00310022 0.991781
0.001848 0.00308008 0.991755
0.00186721 0.0030602 0.991727
0.00211336 0.00304118 0.991696
0.00269812 0.00302368 0.991662
0.00373174 0.00300837 0.991622
0.00532291 0.002996 0.991575
0.0075785 0.00298734 0.991521
0.0106034 0.00298322 0.991459
0.0145003 0.00298452 0.991387
0.0193693 0.00299218 0.991305
0.0253079 0.0030072 0.991213
0.0324106 0.00303062 0.99111
0.0407686 0.00306356 0.990996
0.0504696 0.00310717 0.990871
0.0615972 0.00316268 0.990734
0.0742312 0.00323135 0.990586
0.0884467 0.00331449 0.990427
0.104314 0.00341345 0.990259
0.121898 0.00352961 0.99008
0.141259 0.00366439 0.989892
0.162449 0.0038192 0.989697
0.185518 0.00399547 0.989494
0.210504 0.00419463 0.989285
0.237443 0.00441807 0.989072
0.266359 0.00466718 0.988855
0.297273 0.00494328 0.988636
0.330195 0.00524763 0.988417
0.365125 0.00558141 0.988199
0.402059 0.00594572 0.987985
0.440979 0.00634154 0.987775
0.48186 0.00676971 0.987571
0.524667 0.00723091 0.987377
0.569354 0.00772569 0.987192
0.615867 0.00825437 0.987019
0.664139 0.00881709 0.98686
0.714093 0.00941374 0.986717
0.765643 0.010044 0.986591
0.81869 0.0107072 0.986483
0.873125 0.0114026 0.986396
0.92883 0.0121289 0.98633
0.985674 0.0128847 0.986287
1.04352 0.0136681 0.986267
1.10221 0.0144771 0.986271
1.16159 0.0153092 0.9863
1.22149 0.0161616 0.986354
1.28174 0.0170312 0.986434
1.34215 0.0179146 0.986537
1.40253 0.0188079 0.986665
1.46269 0.0197072 0.986817
1.52241 0.020608 0.98699
1.58151 0.0215057 0.987185
1.63978 0.0223954 0.987398
1.69702 0.0232722 0.987628
1.75301 0.0241307 0.987873
1.80758 0.0249658 0.988129
1.86053 0.0257722 0.988395
1.91168 0.0265444 0.988667
1.96088 0.0272775 0.988942
2.00796 0.0279666 0.989216
2.05281 0.028607 0.989486
2.09533 0.0291947 0.989749
2.13544 0.0297261 0.990001
2.1731 0.0301984 0.99024
2.2083 0.0306099 0.990462
2.2411 0.0309597 0.990666
2.27157 0.0312484 0.990848
2.29988 0.0314778 0.991009
2.32623 0.0316519 0.991148
2.3509 0.0317763 0.991266
2.37426 0.0318591 0.991366
2.39674 0.0319108 0.99145
2.39694 0.0282947 0.991625
2.43026 0.0280691 0.991689
2.46367 0.0278482 0.991644
2.49726 0.0276368 0.991384
2.53112 0.0274394 0.990808
2.56532 0.0272601 0.989817
2.59994 0.027103 0.988317
2.63506 0.0269719 0.986221
2.67073 0.0268702 0.983449
2.70702 0.0268014 0.979925
2.74397 0.0267687 0.975586
2.78164 0.0267752 0.970373
2.82005 0.0268238 0.964241
2.85923 0.0269172 0.957155
2.89919 0.0270579 0.949091
2.93994 0.027248 0.940041
2.98146 0.0274897 0.930008
3.02374 0.0277844 0.919013
3.06673 0.0281334 0.907094
3.11039 0.0285376 0.894305
3.15465 0.028997 0.880718
3.19942 0.0295115 0.866429
3.24461 0.03008 0.851548
3.2901 0.0307008 0.836212
3.33576 0.0313714 0.820576
3.38143 0.0320884 0.804816
3.42696 0.0328475 0.789134
3.47215 0.0336433 0.773748
3.51681 0.0344697 0.758898
3.56072 0.0353192 0.744846
3.60367 0.0361835 0.731869
3.6454 0.0370532 0.720258
3.6857 0.0379181 0.710319
3.72429 0.0387668 0.702365
3.76095 0.0395875 0.696713
3.79541 0.0403678 0.69368
3.82746 0.0410948 0.693575
3.85688 0.0417558 0.69669
3.88346 0.0423383 0.703297
3.90706 0.0428305 0.713631
3.92755 0.0432221 0.727883
3.94487 0.0435046 0.746187
3.95902 0.0436721 0.768604
3.97007 0.043722 0.795103
3.9782 0.0436563 0.825551
3.9837 0.0434825 0.85968
3.98697 0.0432145 0.897075
3.98859 0.0428747 0.937145
3.98728 0.0471384 0.936209
3.98175 0.0477692 0.936953
4.00546 0.047549 0.937125
4.02924 0.0473416 0.937873
4.05317 0.0471545 0.939762
4.07734 0.0469929 0.943343
4.10181 0.0468592 0.94915
4.12666 0.0467535 0.957699
4.15195 0.0466739 0.969479
4.17775 0.0466165 0.984951
4.20412 0.0465757 1.00455
4.23112 0.0465446 1.02865
4.25881 0.0465152 1.05762
4.28723 0.0464786 1.09175
4.31643 0.0464254 1.13128
4.34645 0.0463458 1.1764
4.37732 0.0462303 1.22722
4.40907 0.0460696 1.28378
4.44171 0.0458551 1.34605
4.47524 0.0455793 1.4139
4.50968 0.0452356 1.48711
4.545 0.0448192 1.56538
4.58118 0.0443268 1.6483
4.61818 0.0437572 1.73534
4.65597 0.043111 1.82589
4.69447 0.0423913 1.91924
4.73362 0.0416033 2.01455
4.77332 0.0407544 2.1109
4.8135 0.0398544 2.2073
4.85402 0.038915 2.30266
4.8948 0.0379501 2.39584
4.93569 0.0369749 2.48565
4.97659 0.0360061 2.57092
5.01736 0.0350609 2.65045
5.05789 0.0341568 2.72314
5.09807 0.0333107 2.78797
5.13781 0.0325379 2.84408
5.17706 0.0318517 2.89084
5.21579 0.0312614 2.9279
5.25404 0.0307717 2.9553
5.29188 0.0303808 2.97356
5.32949 0.0300791 2.98376
5.36713 0.029847 2.98773
5.35535 0.0250455 2.98356
5.38189 0.0248794 2.98365
5.40847 0.0247225 2.98375
5.43516 0.0245826 2.98384
5.46199 0.0244674 2.98394
5.48902 0.024384 2.98403
5.5163 0.0243394 2.98413
5.54387 0.0243402 2.98423
5.57177 0.0243926 2.98432
5.60005 0.0245022 2.98442
5.62874 0.0246747 2.98451
5.65789 0.0249149 2.98461
5.68753 0.0252274 2.98471
5.71769 0.0256163 2.9848
5.74841 0.0260852 2.98489
5.7797 0.0266372 2.98499
5.8116 0.0272749 2.98508
5.84413 0.0280003 2.98517
5.8773 0.0288149 2.98526
5.91112 0.0297196 2.98535
5.94561 0.0307146 2.98544
5.98077 0.0317997 2.98553
6.01661 0.0329738 2.98562
6.0531 0.0342352 2.98571
6.09025 0.0355817 2.9858
6.12804 0.0370102 2.9859
6.16645 0.038517 2.98599
6.20545 0.0400977 2.98608
6.24502 0.0417472 2.98618
6.2851 0.0434597 2.98628
6.32567 0.0452286 2.98638
6.36666 0.0470469 2.98649
6.40803 0.0489066 2.9866
6.4497 0.0507993 2.98672
6.49162 0.0527159 2.98684
6.53371 0.0546467 2.98696
6.5759 0.0565816 2.9871
6.61809 0.05851 2.98723
6.6602 0.0604208 2.98738
6.70214 0.0623027 2.98753
6.74382 0.0641443 2.98769
6.78515 0.0659337 2.98786
6.82601 0.0676593 2.98803
6.86633 0.0693097 2.98821
6.90599 0.0708735 2.9884
6.94492 0.07234 2.9886
6.98302 0.0736989 2.9888
7.02021 0.0749408 2.98901
7.05641 0.0760574 2.98923
7.09158 0.0770416 2.98945
7.12567 0.0778878 2.98968
7.15864 0.0785924 2.98991
7.19048 0.0791536 2.99014
7.22122 0.0795724 2.99038
7.2509 0.0798525 2.99062
7.27958 0.0800007 2.99086
7.3074 0.0800275 2.9911
7.3345 0.0799476 2.99134
7.36108 0.0797801 2.99157
7.38742 0.0795492 2.9918
7.37479 0.0775361 2.9871
7.40127 0.0773704 2.98712
7.4278 0.0772091 2.98714
7.45443 0.0770544 2.98717
7.48121 0.0769085 2.9872
7.50818 0.0767732 2.98723
7.53538 0.0766501 2.98726
7.56287 0.0765404 2.9873
7.59069 0.0764452 2.98733
7.61887 0.0763653 2.98738
7.64745 0.076301 2.98742
7.67648 0.0762527 2.98747
7.70598 0.0762202 2.98753
7.736 0.0762033 2.98758
7.76655 0.0762015 2.98764
7.79766 0.0762139 2.98771
7.82937 0.0762395 2.98778
7.86168 0.0762771 2.98785
7.89462 0.0763253 2.98793
7.9282 0.0763824 2.98802
7.96243 0.0764466 2.98811
7.99731 0.076516 2.9882
8.03285 0.0765884 2.9883
8.06903 0.0766617 2.98841
8.10586 0.0767336 2.98852
8.14331 0.0768017 2.98864
8.18137 0.0768637 2.98877
8.22001 0.0769171 2.9889
8.25919 0.0769595 2.98904
8.2989 0.0769887 2.9892
8.33907 0.0770024 2.98936
8.37967 0.0769985 2.98953
8.42063 0.076975 2.98971
8.46191 0.0769301 2.9899
8.50343 0.0768624 2.9901
8.54512 0.0767705 2.99031
8.5869 0.0766534 2.99053
8.62871 0.0765103 2.99077
8.67043 0.0763409 2.99102
8.71201 0.0761451 2.99128
8.75333 0.0759234 2.99155
8.7943 0.0756764 2.99184
8.83484 0.0754053 2.99214
8.87483 0.0751116 2.99245
8.9142 0.0747971 2.99277
8.95285 0.0744644 2.99311
8.99069 0.0741158 2.99345
9.02764 0.0737544 2.99381
9.06364 0.0733835 2.99418
9.09862 0.0730063 2.99456
9.13253 0.0726265 2.99495
9.16535 0.0722477 2.99534
9.19707 0.0718732 2.99574
9.22771 0.0715063 2.99615
9.25729 0.07115 2.99656
9.28591 0.0708066 2.99698
9.31367 0.0704775 2.99739
9.34073 0.0701635 2.9978
9.36728 0.0698639 2.99821
9.39359 0.0695765 2.99862
9.38054 0.0676799 2.99342
9.40701 0.0675225 2.99344
9.43353 0.0673706 2.99345
9.46015 0.0672277 2.99347
9.48691 0.067097 2.99348
9.51386 0.0669812 2.9935
9.54105 0.0668829 2.99352
9.56852 0.0668042 2.99354
9.59631 0.0667468 2.99356
9.62446 0.0667122 2.99359
9.65301 0.0667014 2.99361
9.682 0.0667152 2.99364
9.71146 0.0667539 2.99366
9.74142 0.0668175 2.99369
9.77191 0.0669056 2.99372
9.80296 0.0670178 2.99374
9.83459 0.0671528 2.99377
9.86683 0.0673095 2.9938
9.89969 0.0674862 2.99382
9.93318 0.0676809 2.99385
9.96731 0.0678915 2.99388
10.0021 0.0681156 2.9939
10.0375 0.0683505 2.99393
10.0736 0.0685933 2.99395
10.1103 0.068841 2.99398
10.1476 0.0690905 2.99401
10.1856 0.0693384 2.99404
10.2241 0.0695814 2.99407
10.2631 0.069816 2.9941
10.3027 0.070039 2.99414
10.3427 0.0702469 2.99418
10.3832 0.0704365 2.99422
10.424 0.0706047 2.99427
10.4652 0.0707486 2.99433
10.5066 0.0708653 2.99439
10.5481 0.0709525 2.99447
10.5898 0.0710081 2.99455
10.6315 0.0710302 2.99464
10.6731 0.0710174 2.99474
10.7146 0.0709687 2.99486
10.7558 0.0708836 2.99499
10.7967 0.0707622 2.99514
10.8371 0.0706047 2.9953
10.8771 0.0704122 2.99548
10.9164 0.0701861 2.99567
10.955 0.0699285 2.99589
10.9928 0.0696418 2.99612
11.0297 0.069329 2.99638
11.0656 0.0689935 2.99665
11.1006 0.0686389 2.99694
11.1345 0.0682693 2.99725
11.1673 0.0678888 2.99759
11.199 0.0675019 2.99794
11.2296 0.0671125 2.99831
11.2592 0.0667247 2.99869
11.2878 0.0663421 2.99909
11.3156 0.0659674 2.9995
11.3427 0.0656026 2.99992
11.3692 0.0652486 3.00035
11.3955 0.0649043 3.00077
11.3822 0.0630817 2.9949
11.4086 0.0629241 2.99491
11.4351 0.0627727 2.99493
11.4617 0.0626313 2.99495
11.4884 0.0625036 2.99497
11.5154 0.0623924 2.995
11.5425 0.0623007 2.99503
11.57 0.0622306 2.99506
11.5977 0.062184 2.99509
11.6258 0.0621625 2.99512
11.6543 0.062167 2.99516
11.6833 0.0621982 2.9952
11.7127 0.0622564 2.99524
11.7426 0.0623414 2.99529
11.7731 0.0624526 2.99533
11.8041 0.0625891 2.99538
11.8356 0.0627494 2.99543
11.8678 0.0629318 2.99548
11.9006 0.0631344 2.99553
11.934 0.0633546 2.99558
11.9681 0.0635897 2.99563
12.0028 0.0638368 2.99568
12.0382 0.0640927 2.99573
12.0742 0.0643537 2.99579
12.1108 0.0646164 2.99584
12.1481 0.0648768 2.9959
12.1859 0.0651312 2.99595
12.2244 0.0653755 2.99601
12.2634 0.0656059 2.99607
12.3029 0.0658184 2.99614
12.3429 0.0660092 2.9962
12.3833 0.0661748 2.99627
12.4241 0.0663116 2.99634
12.4652 0.0664166 2.99642
12.5065 0.0664868 2.99651
12.5481 0.0665198 2.9966
12.5897 0.0665135 2.9967
12.6314 0.0664663 2.9968
12.673 0.0663772 2.99692
12.7145 0.0662457 2.99704
12.7557 0.0660718 2.99718
12.7966 0.0658563 2.99733
12.8371 0.0656004 2.99749
12.877 0.0653062 2.99767
12.9164 0.0649762 2.99786
12.955 0.0646137 2.99806
12.9929 0.0642226 2.99828
13.0298 0.063807 2.99852
13.0658 0.063372 2.99877
13.1009 0.0629225 2.99904
13.1348 0.062464 2.99933
13.1677 0.0620022 2.99963
13.1995 0.0615424 2.99995
13.2302 0.0610899 3.00029
13.2598 0.0606493 3.00063
13.2885 0.0602246 3.00099
13.3163 0.0598186 3.00136
13.3434 0.0594327 3.00174
13.37 0.0590664 3.00212
13.3963 0.0587168 3.0025
13.3829 0.0567813 2.99563
13.4093 0.0566305 2.99566
13.4358 0.0564863 2.99568
13.4624 0.056353 2.99571
13.4891 0.0562344 2.99574
13.5161 0.056134 2.99578
13.5432 0.0560547 2.99582
13.5706 0.055999 2.99586
13.5984 0.0559689 2.99591
13.6265 0.055966 2.99596
13.6549 0.0559912 2.99602
13.6839 0.0560454 2.99608
13.7132 0.0561285 2.99615
13.7431 0.0562402 2.99622
13.7735 0.0563798 2.9963
13.8044 0.0565459 2.99638
13.836 0.0567369 2.99647
13.8681 0.0569507 2.99655
13.9008 0.0571848 2.99665
13.9341 0.0574362 2.99674
13.9681 0.0577018 2.99684
14.0027 0.057978 2.99694
14.038 0.058261 2.99705
14.0739 0.0585467 2.99716
14.1104 0.058831 2.99727
14.1476 0.0591093 2.99738
14.1854 0.0593773 2.9975
14.2237 0.0596305 2.99762
14.2626 0.0598644 2.99774
14.302 0.0600745 2.99786
14.3418 0.0602568 2.99799
14.3821 0.0604072 2.99812
14.4228 0.0605219 2.99825
14.4638 0.0605977 2.99839
14.505 0.0606315 2.99853
14.5465 0.0606209 2.99868
14.588 0.0605639 2.99883
14.6296 0.0604593 2.99899
14.6711 0.0603063 2.99915
14.7125 0.060105 2.99932
14.7537 0.059856 2.9995
14.7945 0.0595609 2.99969
14.835 0.0592219 2.99988
14.8749 0.0588421 3.00008
14.9142 0.0584253 3.00028
14.9528 0.0579759 3.0005
14.9907 0.0574991 3.00073
15.0276 0.0570008 3.00096
15.0636 0.0564871 3.00121
15.0987 0.0559649 3.00146
15.1326 0.0554408 3.00173
15.1655 0.0549218 3.002
15.1973 0.0544145 3.00228
15.228 0.0539253 3.00257
15.2577 0.0534595 3.00286
15.2864 0.0530213 3.00316
15.3143 0.0526135 3.00347
15.3414 0.0522368 3.00377
15.368 0.0518892 3.00408
15.3944 0.0515657 3.00437
15.3813 0.052642 2.99606
15.4143 0.0524733 2.99599
15.4474 0.0522867 2.99592
15.4807 0.0520627 2.99586
15.5142 0.0517816 2.99581
15.5479 0.0514236 2.99577
15.582 0.0509689 2.99575
15.6165 0.0503981 2.99574
15.6515 0.0496921 2.99576
15.6869 0.0488326 2.99579
15.7229 0.0478021 2.99584
15.7596 0.0465841 2.99591
15.7968 0.0451639 2.99601
15.8347 0.0435282 2.99612
15.8732 0.041666 2.99625
15.9124 0.0395688 2.99641
15.9523 0.0372307 2.99658
15.9928 0.0346493 2.99677
16.034 0.0318257 2.99698
16.0757 0.0287652 2.99721
16.1181 0.0254775 2.99745
16.1609 0.0219771 2.99772
16.2042 0.018284 2.998
16.2478 0.0144238 2.9983
16.2917 0.0104278 2.99861
16.3357 0.00633404 2.99895
16.3797 0.00218653 2.9993
16.4236 -0.0019639 2.99967
16.4673 -0.00605993 3.00006
16.5104 -0.0100378 3.00046
16.553 -0.0138275 3.00089
16.5947 -0.0173533 3.00133
16.6355 -0.0205344 3.0018
16.675 -0.0232857 3.00228
16.7131 -0.0255189 3.00279
16.7495 -0.027144 3.00331
16.7842 -0.028071 3.00386
16.8169 -0.028212 3.00443
16.8474 -0.0274838 3.00502
16.8755 -0.0258106 3.00563
16.9013 -0.0231277 3.00626
16.9246 -0.0193853 3.00691
16.9454 -0.0145534 3.00758
16.9637 -0.00862671 3.00826
16.9798 -0.00163051 3.00896
16.9937 0.00637197 3.00967
17.006 0.0152729 3.01039
17.0171 0.0249108 3.01111
17.0064 0.0164894 3.00569
17.0309 0.0413061 3.00592
17.0556 0.0667983 3.00615
17.0803 0.0935412 3.00634
17.1052 0.122002 3.00646
17.1303 0.152515 3.00644
17.1555 0.185259 3.00625
17.181 0.220235 3.00583
17.2068 0.257237 3.00514
17.2329 0.295844 3.00415
17.2593 0.335409 3.00288
17.286 0.375063 3.00134
17.3129 0.413736 2.99963
17.3399 0.450201 2.99784
17.3669 0.483144 2.99613
17.3937 0.511273 2.99468
17.4199 0.533461 2.9937
17.4454 0.548947 2.99336
17.4701 0.557596 2.99378
17.4942 0.560228 2.99494
17.4798 0.554132 2.9883
17.4978 0.553889 2.98844
17.516 0.553725 2.9886
17.5346 0.553694 2.98881
17.5538 0.553838 2.98908
17.5736 0.554179 2.98942
17.5943 0.554722 2.98985
17.6161 0.555456 2.99035
17.6391 0.556353 2.99095
17.6635 0.557371 2.99163
17.6895 0.558454 2.99238
17.7172 0.559534 2.9932
17.7468 0.560539 2.99409
17.7784 0.561392 2.99502
17.8122 0.562021 2.99599
17.8481 0.562361 2.99699
17.8863 0.562361 2.998
17.9268 0.561987 2.99902
17.9695 0.561231 3.00004
18.0144 0.560111 3.00106
18.0613 0.558676 3.00208
18.1101 0.557001 3.00309
18.1606 0.555186 3.00411
18.2127 0.553346 3.00513
18.2662 0.551595 3.00617
18.321 0.55003 3.00723
18.3773 0.548695 3.00829
18.3643 0.545397 2.99939
18.3908 0.545278 2.99948
18.4174 0.545164 2.99956
18.444 0.545061 2.99965
18.4708 0.544971 2.99974
18.4978 0.544899 2.99983
18.525 0.544846 2.99993
18.5525 0.544815 3.00003
18.5803 0.544807 3.00013
18.6084 0.544824 3.00024
18.637 0.544865 3.00036
18.666 0.544931 3.00048
18.6955 0.54502 3.0006
18.7254 0.545132 3.00072
18.7559 0.545263 3.00085
18.787 0.545412 3.00098
18.8187 0.545576 3.00111
18.8509 0.545751 3.00124
18.8838 0.545933 3.00137
18.9173 0.546118 3.00151
18.9515 0.546301 3.00164
18.9863 0.546476 3.00177
19.0218 0.54664 3.00189
19.0579 0.546785 3.00202
19.0947 0.546907 3.00214
19.1321 0.547 3.00226
19.1702 0.547058 3.00237
19.2088 0.547076 3.00249
19.248 0.547049 3.00259
19.2878 0.546972 3.0027
19.3281 0.546839 3.0028
19.3688 0.546648 3.00289
19.4099 0.546395 3.00298
19.4514 0.546077 3.00307
19.4931 0.545692 3.00316
19.535 0.545239 3.00324
19.5771 0.544719 3.00331
19.6193 0.544131 3.00339
19.6614 0.543479 3.00346
19.7034 0.542765 3.00354
19.7452 0.541993 3.00361
19.7866 0.541169 3.00368
19.8277 0.5403 3.00375
19.8682 0.539393 3.00382
19.9082 0.538458 3.0039
19.9474 0.537503 3.00398
19.9858 0.53654 3.00406
20.0234 0.535581 3.00414
20.06 0.534635 3.00423
20.0956 0.533717 3.00433
20.13 0.532837 3.00443
20.1634 0.532008 3.00453
20.1956 0.531238 3.00464
20.2268 0.530539 3.00475
20.2568 0.529915 3.00487
20.2858 0.529373 3.00499
20.3139 0.528912 3.00512
20.3412 0.52853 3.00524
20.368 0.528217 3.00535
20.3945 0.52796 3.00547
20.381 0.52403 2.99573
20.4075 0.523919 2.99581
20.434 0.523816 2.9959
20.4606 0.523728 2.99599
20.4874 0.523662 2.99608
20.5144 0.523622 2.99618
20.5415 0.523613 2.99629
20.569 0.523641 2.99641
20.5967 0.523707 2.99654
20.6248 0.523814 2.99667
20.6533 0.523966 2.99681
20.6822 0.524163 2.99697
20.7116 0.524405 2.99713
20.7414 0.524693 2.99731
20.7717 0.525025 2.99749
20.8026 0.525401 2.99768
20.8341 0.525817 2.99788
20.8661 0.52627 2.99809
20.8988 0.526758 2.99831
20.9321 0.527275 2.99853
20.966 0.527818 2.99876
21.0005 0.52838 2.999
21.0357 0.528956 2.99924
21.0715 0.529539 2.99949
21.1079 0.530124 2.99974
21.145 0.530703 2.99999
21.1826 0.53127 3.00025
21.2209 0.531817 3.00051
21.2597 0.532338 3.00077
21.299 0.532826 3.00104
21.3388 0.533273 3.0013
21.3791 0.533674 3.00156
21.4198 0.534023 3.00183
21.4608 0.534314 3.00209
21.502 0.534542 3.00235
21.5435 0.534705 3.00261
21.5851 0.534797 3.00287
21.6268 0.534818 3.00312
21.6685 0.534766 3.00337
21.71 0.53464 3.00361
21.7513 0.534442 3.00385
21.7924 0.534175 3.00409
21.833 0.53384 3.00432
21.8732 0.533444 3.00455
21.9127 0.532991 3.00477
21.9516 0.532489 3.00499
21.9897 0.531946 3.0052
22.027 0.531371 3.0054
22.0633 0.530773 3.0056
22.0986 0.530164 3.00579
22.1329 0.529553 3.00597
22.1661 0.528951 3.00615
22.1981 0.52837 3.00632
22.2291 0.527818 3.00648
22.259 0.527304 3.00663
22.2879 0.526835 3.00678
22.316 0.526415 3.00691
22.3433 0.526045 3.00703
22.3701 0.525721 3.00714
22.3966 0.525435 3.00724
22.3823 0.521098 2.99652
22.4088 0.520997 2.99661
22.4353 0.520904 2.9967
22.4619 0.520827 2.99679
22.4887 0.520772 2.99689
22.5156 0.520746 2.99699
22.5428 0.520752 2.99711
22.5702 0.520797 2.99723
22.598 0.520883 2.99736
22.6261 0.521012 2.99751
22.6545 0.521188 2.99767
22.6834 0.521412 2.99784
22.7127 0.521682 2.99802
22.7426 0.522001 2.99821
22.7729 0.522366 2.99841
22.8038 0.522775 2.99863
22.8352 0.523226 2.99885
22.8672 0.523715 2.99909
22.8999 0.524239 2.99933
22.9331 0.524793 2.99959
22.967 0.52537 2.99985
23.0015 0.525966 3.00012
23.0366 0.526574 3.0004
23.0724 0.527188 3.00069
23.1088 0.527799 3.00098
23.1459 0.528401 3.00128
23.1835 0.528987 3.00158
23.2217 0.529547 3.00188
23.2605 0.530076 3.00219
23.2999 0.530565 3.00249
23.3397 0.531008 3.0028
23.3799 0.531397 3.00311
23.4206 0.531727 3.00342
23.4616 0.531991 3.00373
23.5029 0.532185 3.00403
23.5444 0.532304 3.00433
23.5861 0.532346 3.00463
23.6278 0.532308 3.00493
23.6695 0.532189 3.00522
23.711 0.531989 3.0055
23.7524 0.531711 3.00578
23.7935 0.531356 3.00605
23.8342 0.530929 3.00631
23.8745 0.530436 3.00656
23.9141 0.529883 3.00681
23.9531 0.529279 3.00705
23.9912 0.528632 3.00728
24.0286 0.527954 3.0075
24.065 0.527255 3.00771
24.1004 0.526546 3.00791
24.1347 0.525841 3.00811
24.1679 0.525152 3.00829
24.2001 0.524488 3.00846
24.2311 0.523863 3.00862
24.2611 0.523285 3.00877
24.29 0.52276 3.0089
24.3181 0.522294 3.00903
24.3454 0.521886 3.00914
24.3722 0.521533 3.00923
24.3987 0.521225 3.00932
24.3859 0.517106 2.99849
24.4123 0.517021 2.9986
24.4389 0.516944 2.99871
24.4655 0.516885 2.99882
24.4923 0.516849 2.99895
24.5192 0.516842 2.99908
24.5464 0.51687 2.99922
24.5739 0.516936 2.99937
24.6016 0.517044 2.99954
24.6297 0.517198 2.99972
24.6582 0.517397 2.99991
24.6871 0.517645 3.00012
24.7164 0.517941 3.00034
24.7463 0.518283 3.00058
24.7766 0.518672 3.00084
24.8075 0.519104 3.0011
24.8389 0.519576 3.00139
24.8709 0.520084 3.00168
24.9035 0.520624 3.00199
24.9368 0.52119 3.00231
24.9706 0.521777 3.00264
25.0051 0.522377 3.00298
25.0403 0.522985 3.00333
25.0761 0.523591 3.0037
25.1125 0.52419 3.00406
25.1495 0.524772 3.00444
25.1871 0.525329 3.00482
25.2254 0.525854 3.00521
25.2642 0.526338 3.0056
25.3035 0.526773 3.00599
25.3433 0.527152 3.00639
25.3836 0.527467 3.00678
25.4242 0.527713 3.00718
25.4653 0.527883 3.00757
25.5066 0.527972 3.00796
25.5481 0.527977 3.00835
25.5898 0.527894 3.00873
25.6315 0.527722 3.00911
25.6733 0.527461 3.00948
25.7149 0.527111 3.00984
25.7563 0.526675 3.01019
25.7975 0.526157 3.01054
25.8382 0.525561 3.01087
25.8785 0.524895 3.01119
25.9182 0.524167 3.01151
25.9572 0.523387 3.01181
25.9955 0.522566 3.01209
26.0328 0.521715 3.01237
26.0693 0.520848 3.01264
26.1047 0.519978 3.01289
26.1391 0.519119 3.01313
26.1724 0.518285 3.01336
26.2045 0.517488 3.01357
26.2356 0.516742 3.01378
26.2655 0.516055 3.01397
26.2945 0.515435 3.01415
26.3225 0.514888 3.01433
26.3498 0.514412 3.01449
26.3766 0.514002 3.01465
26.4031 0.513647 3.0148
26.3869 0.510737 3.00266
26.4138 0.51065 3.00273
26.4408 0.510575 3.00279
26.4678 0.510521 3.00287
26.495 0.510497 3.00295
26.5224 0.510509 3.00305
26.55 0.510564 3.00316
26.5779 0.510668 3.00328
26.6061 0.510824 3.00343
26.6347 0.511038 3.0036
26.6637 0.51131 3.00378
26.6931 0.511643 3.00399
26.7231 0.512038 3.00422
26.7535 0.512493 3.00447
26.7845 0.513008 3.00475
26.816 0.51358 3.00504
26.8482 0.514206 3.00536
26.8809 0.514881 3.0057
26.9143 0.5156 3.00607
26.9484 0.516358 3.00645
26.9831 0.517147 3.00685
27.0185 0.517961 3.00727
27.0545 0.51879 3.00771
27.0913 0.519627 3.00817
27.1287 0.520462 3.00864
27.1667 0.521286 3.00913
27.2054 0.52209 3.00963
27.2447 0.522864 3.01014
27.2845 0.523597 3.01067
27.3249 0.524282 3.0112
27.3658 0.524909 3.01174
27.4072 0.525469 3.01229
27.449 0.525954 3.01284
27.4911 0.526358 3.01339
27.5335 0.526673 3.01395
27.576 0.526896 3.0145
27.6187 0.527022 3.01505
27.6614 0.527048 3.0156
27.704 0.526974 3.01614
27.7465 0.526799 3.01667
27.7887 0.526527 3.0172
27.8305 0.526159 3.01771
27.8719 0.525703 3.01821
27.9127 0.525164 3.0187
27.9528 0.524551 3.01917
27.9921 0.523875 3.01963
28.0305 0.523148 3.02007
28.0679 0.52238 3.02049
28.1044 0.521588 3.02089
28.1397 0.520784 3.02128
28.1738 0.519983 3.02164
28.2068 0.5192 3.02198
28.2386 0.518447 3.02231
28.2692 0.517738 3.02261
28.2988 0.517081 3.02289
28.3273 0.516483 3.02316
28.3551 0.515946 3.02341
28.3823 0.515468 3.02365
28.4092 0.515038 3.02387
28.3927 0.513925 3.01081
28.4195 0.513837 3.01084
28.4465 0.513761 3.01087
28.4735 0.513707 3.01091
28.5006 0.513682 3.01095
28.528 0.513695 3.01101
28.5556 0.513751 3.01109
28.5834 0.513856 3.01118
28.6116 0.514015 3.01128
28.6402 0.51423 3.01141
28.6691 0.514505 3.01155
28.6985 0.51484 3.01171
28.7284 0.515235 3.0119
28.7588 0.515691 3.0121
28.7898 0.516205 3.01232
28.8213 0.516773 3.01256
28.8534 0.517394 3.01282
28.8861 0.51806 3.0131
28.9194 0.518768 3.01339
28.9534 0.519509 3.0137
28.9881 0.520278 3.01403
29.0234 0.521065 3.01437
29.0594 0.521862 3.01473
29.0961 0.52266 3.0151
29.1334 0.523449 3.01548
29.1714 0.52422 3.01587
29.21 0.524961 3.01628
29.2493 0.525664 3.01669
29.2891 0.526319 3.0171
29.3295 0.526914 3.01752
29.3704 0.527442 3.01795
29.4117 0.527894 3.01838
29.4534 0.528262 3.01881
29.4955 0.528538 3.01925
29.5379 0.528717 3.01968
29.5804 0.528794 3.02011
29.6231 0.528767 3.02054
29.6658 0.528632 3.02097
29.7085 0.528389 3.02139
29.7509 0.528041 3.0218
29.7932 0.527591 3.02221
29.835 0.527043 3.02261
29.8764 0.526404 3.023
29.9172 0.525683 3.02339
29.9574 0.52489 3.02376
29.9967 0.524037 3.02413
30.0352 0.523139 3.02449
30.0727 0.522208 3.02483
30.1092 0.521262 3.02517
30.1445 0.520315 3.0255
30.1787 0.519385 3.02581
30.2117 0.518486 3.02612
30.2435 0.517634 3.02641
30.2742 0.516841 3.0267
30.3037 0.516117 3.02698
30.3323 0.515469 3.02725
30.3601 0.514897 3.0275
30.3873 0.514396 3.02775
30.4141 0.513955 3.02799
30.3963 0.512741 3.01396
30.4232 0.512662 3.01398
30.4501 0.512595 3.01399
30.4771 0.512551 3.01402
30.5042 0.512538 3.01405
30.5315 0.512563 3.0141
30.5591 0.512632 3.01416
30.5869 0.51275 3.01424
30.6151 0.512923 3.01433
30.6436 0.513153 3.01445
30.6726 0.513443 3.01458
30.7019 0.513794 3.01474
30.7318 0.514205 3.01492
30.7622 0.514675 3.01511
30.7931 0.515202 3.01533
30.8245 0.515783 3.01557
30.8566 0.516413 3.01583
30.8893 0.517088 3.01611
30.9226 0.5178 3.01641
30.9566 0.518542 3.01672
30.9912 0.519307 3.01705
31.0265 0.520086 3.0174
31.0625 0.520869 3.01777
31.0992 0.521647 3.01814
31.1365 0.522409 3.01854
31.1744 0.523145 3.01894
31.2131 0.523845 3.01935
31.2523 0.524496 3.01977
31.2921 0.525091 3.0202
31.3325 0.525617 3.02064
31.3734 0.526067 3.02108
31.4147 0.52643 3.02153
31.4565 0.526699 3.02198
31.4986 0.526867 3.02243
31.541 0.526929 3.02288
31.5836 0.526879 3.02333
31.6263 0.526716 3.02378
31.6691 0.526437 3.02422
31.7118 0.526044 3.02466
31.7543 0.525538 3.0251
31.7966 0.524925 3.02553
31.8386 0.52421 3.02595
31.88 0.523402 3.02637
31.9209 0.522511 3.02678
31.9611 0.521548 3.02717
32.0006 0.520528 3.02757
32.0391 0.519466 3.02795
32.0767 0.518379 3.02832
32.1132 0.517283 3.02868
32.1486 0.516197 3.02903
32.1829 0.515138 3.02938
32.2159 0.514123 3.02971
32.2478 0.513169 3.03004
32.2784 0.512289 3.03035
32.308 0.511492 3.03066
32.3366 0.510786 3.03096
32.3644 0.51017 3.03125
32.3915 0.509637 3.03153
32.4184 0.509174 3.0318
32.4036 0.506156 3.02004
32.4374 0.506058 3.02019
32.4713 0.505983 3.02038
32.5053 0.505947 3.02063
32.5397 0.505966 3.02096
32.5744 0.506052 3.02141
32.6096 0.506216 3.022
32.6452 0.506463 3.02274
32.6815 0.5068 3.02366
32.7184 0.507227 3.02476
32.756 0.507744 3.02607
32.7944 0.508347 3.02759
32.8336 0.50903 3.02932
32.8736 0.509785 3.03128
32.9144 0.5106 3.03346
32.9561 0.511463 3.03587
32.9986 0.512358 3.03848
33.0419 0.513269 3.0413
33.0861 0.514178 3.0443
33.131 0.515066 3.04748
33.1766 0.515913 3.0508
33.2227 0.516699 3.05424
33.2694 0.517406 3.05777
33.3165 0.518013 3.06135
33.3638 0.518505 3.06493
33.4113 0.518864 3.06847
33.4586 0.519078 3.07192
33.5056 0.519136 3.07523
33.5521 0.51903 3.07832
33.5979 0.518756 3.08113
33.6427 0.518315 3.0836
33.6861 0.517712 3.08566
33.7281 0.516955 3.08722
33.7681 0.516059 3.08822
33.806 0.515042 3.08858
33.8415 0.513926 3.08823
33.8743 0.51274 3.0871
33.9041 0.511512 3.08512
33.9307 0.510278 3.08224
33.954 0.509069 3.07841
33.9737 0.507922 3.0736
33.9898 0.506868 3.06779
34.0025 0.505934 3.061
34.0118 0.505143 3.05324
34.018 0.504503 3.04458
34.0215 0.504012 3.03512
34.0231 0.503647 3.02499
34.0138 0.4994 3.01435
33.9951 0.496046 3.00074
34.03 0.496054 3.0008
34.0662 0.496755 2.99932
34.1046 0.498471 2.99469
34.146 0.501148 2.9853
34.1911 0.504374 2.96968
34.24 0.507459 2.94662
34.2923 0.50958 2.91532
34.3467 0.509979 2.87553
34.4008 0.50821 2.82764
34.4512 0.504353 2.77276
34.4934 0.499149 2.71252
34.5231 0.493899 2.64881
34.538 0.49002 2.58302
34.5308 0.484308 2.57331
34.5174 0.484856 2.55941
34.5418 0.459578 2.55928
34.5665 0.434196 2.55647
34.5916 0.408543 2.54845
34.6174 0.3824 2.53286
34.6439 0.355514 2.50763
34.6714 0.327626 2.4711
34.6998 0.298507 2.42214
34.7293 0.267999 2.36023
34.7597 0.23607 2.28567
34.7908 0.202862 2.19963
34.8224 0.168748 2.10429
34.8539 0.134367 2.00285
34.8846 0.100645 1.89948
34.9136 0.0687835 1.79921
34.9397 0.0401855 1.70758
34.9618 0.0163219 1.6301
34.9789 -0.00150689 1.57144
34.9903 -0.0125314 1.53431
34.9963 -0.0170334 1.51779
34.982 -0.0203601 1.50497
