0.000691496 0.00082919 0.994863
0.00057695 0.000775275 0.99481
0.000635582 0.000723249 0.994756
0.00103874 0.000675222 0.9947
0.00195533 0.00063335 0.994641
0.00355136 0.00059984 0.994579
0.00598951 0.000576958 0.994513
0.00942854 0.000567036 0.994444
0.0140228 0.000572474 0.994371
0.0199217 0.000595743 0.994294
0.0272688 0.000639379 0.994214
0.0362016 0.000705984 0.994132
0.0468505 0.000798213 0.994049
0.059338 0.000918765 0.993966
0.0737783 0.00107037 0.993884
0.0902763 0.00125576 0.993806
0.108927 0.00147767 0.993732
0.129813 0.00173877 0.993665
0.153007 0.00204169 0.993607
0.178567 0.00238894 0.993561
0.20654 0.00278288 0.993528
0.236957 0.00322572 0.993511
0.269831 0.00371942 0.993513
0.305165 0.00426567 0.993536
0.342938 0.00486584 0.993583
0.383117 0.00552095 0.993655
0.425648 0.00623158 0.993755
0.470458 0.00699785 0.993886
0.517454 0.00781935 0.994048
0.566526 0.00869511 0.994244
0.617541 0.00962353 0.994474
0.670347 0.0106024 0.99474
0.724772 0.0116287 0.995041
0.780625 0.0126988 0.995378
0.837697 0.0138083 0.99575
0.895757 0.014952 0.996156
0.954563 0.016124 0.996593
1.01385 0.0173175 0.997059
1.07336 0.0185251 0.997552
1.13279 0.0197388 0.998067
1.19185 0.0209497 0.9986
1.25026 0.0221485 0.999146
1.30771 0.0233257 0.999699
1.3639 0.0244711 1.00025
1.41857 0.0255746 1.0008
1.47143 0.0266263 1.00134
1.52225 0.0276163 1.00186
1.5708 0.0285355 1.00235
1.6169 0.0293756 1.00282
1.66044 0.0301298 1.00324
1.70132 0.0307926 1.00362
1.73955 0.031361 1.00395
1.77521 0.0318345 1.00423
1.80847 0.0322161 1.00446
1.83962 0.0325126 1.00465
1.86908 0.0327356 1.00478
1.8974 0.0329021 1.00489
1.89408 0.0253361 1.00245
1.92053 0.0251418 1.00244
1.94704 0.0249557 1.00242
1.97364 0.0247842 1.0024
2.00038 0.0246336 1.00237
2.02732 0.02451 1.00233
2.05449 0.0244194 1.00227
2.08194 0.0243673 1.0022
2.10971 0.0243594 1.00212
2.13785 0.0244009 1.00201
2.16639 0.0244967 1.00188
2.19536 0.0246515 1.00173
2.22481 0.0248698 1.00156
2.25476 0.0251557 1.00135
2.28524 0.0255129 1.00112
2.31629 0.0259449 1.00086
2.34792 0.0264548 1.00058
2.38015 0.0270452 1.00026
2.413 0.0277182 0.999914
2.44648 0.0284758 0.999538
2.48061 0.029319 0.999132
2.51538 0.0302487 0.998698
2.5508 0.0312651 0.998236
2.58685 0.0323679 0.997746
2.62354 0.0335561 0.997231
2.66084 0.0348281 0.996693
2.69874 0.0361818 0.996133
2.73721 0.0376143 0.995553
2.77622 0.039122 0.994956
2.81572 0.0407007 0.994345
2.85569 0.0423454 0.993723
2.89606 0.0440505 0.993093
2.93679 0.0458096 0.992458
2.97781 0.0476156 0.991823
3.01906 0.0494607 0.991192
3.06047 0.0513364 0.990568
3.10197 0.0532337 0.989955
3.14346 0.0551428 0.989359
3.18487 0.0570534 0.988783
3.22611 0.0589548 0.988232
3.26709 0.0608357 0.987711
3.30772 0.0626846 0.987223
3.34789 0.0644897 0.986773
3.38753 0.0662392 0.986365
3.42653 0.0679212 0.986003
3.46481 0.0695241 0.985691
3.50229 0.0710366 0.985431
3.53888 0.072448 0.985227
3.57452 0.0737485 0.985081
3.60915 0.0749293 0.984995
3.64274 0.075983 0.984968
3.67524 0.0769039 0.985003
3.70666 0.0776882 0.985097
3.73701 0.0783348 0.98525
3.76633 0.0788452 0.985458
3.79471 0.0792243 0.985718
3.82225 0.0794807 0.986025
3.84911 0.0796277 0.986371
3.87548 0.0796832 0.986749
3.90162 0.0796708 0.987148
3.89207 0.0785016 0.982758
3.91899 0.0783454 0.982695
3.94596 0.078192 0.982632
3.97303 0.0780417 0.982569
4.00025 0.0778948 0.982508
4.02768 0.0777517 0.982448
4.05535 0.0776122 0.982389
4.08332 0.0774763 0.982332
4.11162 0.0773439 0.982278
4.14031 0.0772144 0.982228
4.16942 0.0770875 0.982181
4.19899 0.0769626 0.982138
4.22905 0.0768391 0.9821
4.25965 0.0767161 0.982069
4.2908 0.076593 0.982044
4.32254 0.0764688 0.982027
4.3549 0.0763425 0.982019
4.38788 0.0762133 0.98202
4.42151 0.0760801 0.982033
4.4558 0.075942 0.982057
4.49076 0.0757978 0.982094
4.52639 0.0756467 0.982146
4.56269 0.0754877 0.982214
4.59966 0.0753199 0.982298
4.63727 0.0751425 0.9824
4.67552 0.0749547 0.982522
4.71438 0.074756 0.982664
4.75382 0.0745457 0.982827
4.7938 0.0743236 0.983012
4.83429 0.0740894 0.983221
4.87523 0.0738431 0.983454
4.91657 0.0735848 0.983711
4.95826 0.0733148 0.983993
5.00022 0.0730338 0.9843
5.04238 0.0727426 0.984633
5.08467 0.0724421 0.984991
5.127 0.0721336 0.985374
5.16929 0.0718187 0.985781
5.21144 0.0714992 0.986211
5.25336 0.071177 0.986663
5.29495 0.0708545 0.987136
5.33611 0.070534 0.987628
5.37674 0.0702182 0.988137
5.41674 0.0699099 0.988661
5.45602 0.0696122 0.989197
5.49449 0.069328 0.989742
5.53207 0.0690604 0.990294
5.56867 0.0688123 0.99085
5.60423 0.0685868 0.991406
5.63871 0.0683865 0.991959
5.67206 0.0682138 0.992507
5.70428 0.0680706 0.993045
5.73539 0.0679583 0.993572
5.76541 0.0678775 0.994085
5.79444 0.067828 0.994583
5.82257 0.0678085 0.995063
5.84998 0.0678161 0.995526
5.87686 0.0678468 0.995973
5.90348 0.0678943 0.996405
5.89354 0.0664613 0.991216
5.92048 0.0663477 0.991202
5.94747 0.0662369 0.991187
5.97456 0.0661296 0.991171
6.0018 0.0660264 0.991153
6.02924 0.0659276 0.991134
6.05692 0.0658334 0.991112
6.0849 0.0657438 0.991088
6.11322 0.0656586 0.991061
6.14191 0.0655773 0.991031
6.17102 0.0654995 0.990999
6.20059 0.0654243 0.990963
6.23065 0.0653509 0.990924
6.26124 0.0652782 0.990883
6.29239 0.065205 0.990839
6.32411 0.0651301 0.990792
6.35645 0.065052 0.990744
6.38941 0.0649693 0.990695
6.42302 0.0648803 0.990644
6.45728 0.0647836 0.990594
6.49221 0.0646773 0.990545
6.52781 0.06456 0.990497
6.56408 0.0644299 0.990452
6.601 0.0642855 0.990411
6.63858 0.0641253 0.990374
6.67679 0.0639479 0.990344
6.71561 0.063752 0.990321
6.75501 0.0635366 0.990306
6.79496 0.0633007 0.990301
6.83541 0.0630437 0.990308
6.87633 0.0627651 0.990326
6.91764 0.0624648 0.990358
6.95931 0.0621431 0.990404
7.00125 0.0618003 0.990466
7.0434 0.0614375 0.990545
7.08569 0.0610557 0.990642
7.12802 0.0606569 0.990756
7.17032 0.0602429 0.99089
7.21249 0.0598163 0.991042
7.25443 0.0593799 0.991215
7.29605 0.0589372 0.991407
7.33725 0.0584917 0.991619
7.37793 0.0580476 0.991849
7.41799 0.0576091 0.992099
7.45734 0.0571809 0.992366
7.49588 0.0567678 0.99265
7.53353 0.0563747 0.992949
7.57022 0.0560065 0.993263
7.60587 0.055668 0.993589
7.64044 0.0553638 0.993925
7.67388 0.0550979 0.99427
7.7062 0.0548739 0.994621
7.7374 0.0546945 0.994977
7.76753 0.0545611 0.995335
7.79664 0.0544741 0.995692
7.82487 0.0544318 0.996048
7.85236 0.0544309 0.996399
7.87933 0.0544654 0.996746
7.90604 0.0545263 0.997087
7.89729 0.049688 0.992123
7.92342 0.0495756 0.99222
7.94959 0.0494716 0.992315
7.97585 0.0493825 0.992408
8.00224 0.0493144 0.992496
8.0288 0.0492723 0.992578
8.05557 0.0492605 0.992652
8.08259 0.0492825 0.992718
8.1099 0.0493409 0.992772
8.13754 0.0494372 0.992815
8.16553 0.0495718 0.992844
8.19392 0.0497442 0.992858
8.22273 0.0499525 0.992856
8.25199 0.0501938 0.992837
8.28173 0.0504637 0.992798
8.31198 0.0507566 0.99274
8.34274 0.0510652 0.992662
8.37405 0.0513809 0.992563
8.40592 0.0516934 0.992442
8.43836 0.0519908 0.992299
8.47138 0.0522596 0.992134
8.50498 0.0524841 0.991947
8.53916 0.0526473 0.991738
8.57394 0.0527299 0.991508
8.60928 0.0527108 0.991256
8.6452 0.0525669 0.990984
8.68166 0.0522731 0.990692
8.71865 0.0518022 0.990383
8.75614 0.0511249 0.990057
8.79411 0.0502101 0.989715
8.83251 0.0490243 0.989359
8.87131 0.0475323 0.988992
8.91047 0.0456969 0.988615
8.94992 0.0434789 0.988231
8.98962 0.0408376 0.987841
9.0295 0.0377303 0.987448
9.06951 0.0341133 0.987055
9.10956 0.0299413 0.986665
9.14959 0.025168 0.986279
9.18953 0.0197464 0.985901
9.22928 0.013629 0.985534
9.26877 0.00676823 0.985179
9.30792 -0.000883311 0.984841
9.34665 -0.00937211 0.984521
9.38486 -0.0187435 0.984222
9.42247 -0.0290411 0.983946
9.45942 -0.0403057 0.983695
9.49561 -0.0525753 0.983472
9.53099 -0.0658837 0.983277
9.5655 -0.0802599 0.983112
9.59908 -0.095727 0.982979
9.6317 -0.112302 0.982877
9.66334 -0.129992 0.982807
9.69398 -0.148797 0.982768
9.72367 -0.168705 0.982759
9.75242 -0.189694 0.982778
9.78032 -0.211726 0.982824
9.80748 -0.234748 0.982892
9.83402 -0.258691 0.982979
9.86014 -0.283466 0.983081
9.88608 -0.308963 0.983191
9.87664 -0.308941 0.975709
9.8994 -0.331865 0.975635
9.92218 -0.35482 0.975561
9.94499 -0.377837 0.975489
9.96784 -0.400944 0.97542
9.99074 -0.424172 0.975354
10.0137 -0.44755 0.975293
10.0367 -0.471106 0.975237
10.0599 -0.494867 0.975188
10.0831 -0.518859 0.975146
10.1064 -0.543109 0.975111
10.1299 -0.56764 0.975085
10.1535 -0.592476 0.975069
10.1772 -0.617638 0.975062
10.2011 -0.643147 0.975065
10.2252 -0.669021 0.975079
10.2494 -0.695277 0.975105
10.2737 -0.72193 0.975143
10.2983 -0.748992 0.975193
10.323 -0.776474 0.975257
10.3479 -0.804383 0.975334
10.373 -0.832726 0.975424
10.3982 -0.861505 0.975529
10.4237 -0.890719 0.975649
10.4494 -0.920365 0.975784
10.4752 -0.950436 0.975935
10.5012 -0.980922 0.976102
10.5274 -1.01181 0.976285
10.5537 -1.04308 0.976485
10.5802 -1.07471 0.976703
10.6068 -1.10668 0.976938
10.6336 -1.13896 0.97719
10.6605 -1.17151 0.977461
10.6875 -1.20429 0.977751
10.7146 -1.23726 0.978059
10.7418 -1.27038 0.978386
10.769 -1.30359 0.978732
10.7962 -1.33683 0.979098
10.8235 -1.37005 0.979483
10.8507 -1.40317 0.979887
10.8778 -1.43614 0.980311
10.9049 -1.46887 0.980755
10.9318 -1.50129 0.981218
10.9586 -1.53331 0.981701
10.9852 -1.56486 0.982203
11.0115 -1.59583 0.982724
11.0376 -1.62615 0.983263
11.0634 -1.65573 0.983821
11.0889 -1.68446 0.984397
11.1139 -1.71226 0.98499
11.1386 -1.73903 0.9856
11.1627 -1.76468 0.986226
11.1864 -1.78911 0.986868
11.2095 -1.81226 0.987524
11.2321 -1.83402 0.988193
11.2541 -1.85433 0.988876
11.2754 -1.87312 0.989569
11.2961 -1.89032 0.990273
11.3161 -1.90591 0.990987
11.3354 -1.91983 0.991708
11.354 -1.93207 0.992436
11.372 -1.94263 0.993169
11.3893 -1.95153 0.993906
11.406 -1.95882 0.994645
11.422 -1.96456 0.995385
11.4376 -1.96886 0.996124
11.4526 -1.97185 0.996861
11.4673 -1.9737 0.997595
11.4817 -1.97462 0.998324
11.4959 -1.97488 0.999047
11.4865 -1.98207 0.993153
11.5196 -1.9822 0.993245
11.5528 -1.98216 0.993325
11.5864 -1.98177 0.993385
11.6204 -1.9809 0.993413
11.655 -1.9794 0.993395
11.6903 -1.97717 0.993319
11.7264 -1.97412 0.993172
11.7633 -1.97019 0.992942
11.8011 -1.96533 0.992619
11.8398 -1.95954 0.992194
11.8794 -1.95287 0.991664
11.9199 -1.94537 0.991025
11.9611 -1.93714 0.990281
12.0029 -1.92836 0.98944
12.0452 -1.91919 0.988512
12.0877 -1.90988 0.987518
12.1302 -1.9007 0.986479
12.1723 -1.89196 0.985426
12.2136 -1.884 0.984394
12.2539 -1.87718 0.983421
12.2926 -1.87189 0.982551
12.3294 -1.86849 0.981829
12.3638 -1.86734 0.981299
12.3954 -1.86876 0.981003
12.424 -1.87299 0.980975
12.4495 -1.88019 0.981237
12.4718 -1.89034 0.981794
12.4913 -1.90327 0.982622
12.5086 -1.91856 0.983666
12.5001 -1.9192 0.978479
12.5223 -1.9423 0.978266
12.5446 -1.96568 0.978076
12.567 -1.98965 0.977931
12.5896 -2.01448 0.977848
12.6125 -2.04042 0.977838
12.6356 -2.06769 0.977906
12.659 -2.09645 0.978056
12.6828 -2.12677 0.97829
12.7071 -2.15865 0.97861
12.7317 -2.19192 0.979015
12.7568 -2.2263 0.979511
12.7824 -2.26131 0.980101
12.8082 -2.2963 0.980797
12.8343 -2.33046 0.981612
12.8604 -2.36281 0.982565
12.8864 -2.39225 0.983678
12.912 -2.41767 0.984975
12.9369 -2.43805 0.986477
12.9611 -2.45263 0.988196
12.9845 -2.46118 0.990124
13.0072 -2.46433 0.992218
12.9978 -2.46982 0.986167
13.0167 -2.46998 0.986278
13.0358 -2.47006 0.986392
13.0553 -2.46998 0.986516
13.0753 -2.46969 0.986653
13.096 -2.46915 0.986802
13.1175 -2.46834 0.986961
13.1402 -2.46728 0.987128
13.164 -2.46596 0.987297
13.1893 -2.46443 0.987464
13.2161 -2.46274 0.987622
13.2447 -2.46094 0.987768
13.2752 -2.45911 0.987896
13.3078 -2.45732 0.988004
13.3425 -2.45564 0.988092
13.3795 -2.45415 0.988164
13.4188 -2.45289 0.988225
13.4605 -2.45192 0.988289
13.5045 -2.45125 0.988372
13.5508 -2.45088 0.988494
13.5993 -2.45078 0.988678
13.65 -2.45088 0.98895
13.7026 -2.45112 0.989332
13.7571 -2.45141 0.989841
13.8134 -2.45167 0.990475
13.8715 -2.45183 0.991215
13.8624 -2.45161 0.983335
13.8889 -2.45169 0.983309
13.9155 -2.45176 0.983284
13.9421 -2.45183 0.983262
13.9689 -2.45189 0.983246
13.9959 -2.45194 0.983237
14.0231 -2.45198 0.983237
14.0507 -2.45201 0.983247
14.0785 -2.45203 0.983269
14.1068 -2.45204 0.983303
14.1354 -2.45204 0.983352
14.1645 -2.45203 0.983415
14.1942 -2.45201 0.983494
14.2243 -2.45199 0.98359
14.255 -2.45197 0.983703
14.2863 -2.45194 0.983835
14.3182 -2.45192 0.983985
14.3507 -2.4519 0.984156
14.3839 -2.45189 0.984346
14.4178 -2.4519 0.984558
14.4523 -2.45192 0.98479
14.4875 -2.45196 0.985044
14.5234 -2.45203 0.985319
14.56 -2.45212 0.985617
14.5973 -2.45225 0.985936
14.6352 -2.45242 0.986278
14.6738 -2.45262 0.986641
14.713 -2.45288 0.987026
14.7527 -2.45318 0.987432
14.7931 -2.45353 0.987859
14.8339 -2.45393 0.988307
14.8752 -2.45439 0.988774
14.917 -2.45491 0.98926
14.959 -2.45548 0.989764
15.0014 -2.45611 0.990284
15.0439 -2.4568 0.990819
15.0866 -2.45754 0.991369
15.1293 -2.45833 0.99193
15.172 -2.45917 0.992503
15.2145 -2.46005 0.993083
15.2568 -2.46097 0.99367
15.2988 -2.46192 0.994262
15.3403 -2.4629 0.994855
15.3812 -2.46389 0.995448
15.4216 -2.46488 0.996039
15.4611 -2.46587 0.996624
15.4999 -2.46684 0.9972
15.5377 -2.46778 0.997766
15.5745 -2.46869 0.998319
15.6103 -2.46955 0.998856
15.6449 -2.47035 0.999376
15.6784 -2.47108 0.999875
15.7107 -2.47173 1.00035
15.7418 -2.47229 1.00081
15.7718 -2.47277 1.00123
15.8007 -2.47315 1.00164
15.8287 -2.47344 1.00201
15.8559 -2.47365 1.00237
15.8826 -2.47378 1.0027
15.9089 -2.47386 1.00301
15.898 -2.47393 0.994479
15.9249 -2.474 0.994425
15.9519 -2.47406 0.994371
15.9789 -2.47411 0.994319
16.0062 -2.47414 0.994272
16.0336 -2.47415 0.99423
16.0612 -2.47414 0.994195
16.0891 -2.4741 0.994167
16.1174 -2.47404 0.994147
16.146 -2.47394 0.994137
16.1751 -2.47381 0.994137
16.2046 -2.47365 0.994146
16.2345 -2.47346 0.994167
16.265 -2.47323 0.994199
16.2961 -2.47298 0.994242
16.3277 -2.4727 0.994297
16.3599 -2.47239 0.994364
16.3927 -2.47206 0.994444
16.4262 -2.47171 0.994536
16.4603 -2.47135 0.994641
16.4951 -2.47098 0.994759
16.5305 -2.4706 0.99489
16.5666 -2.47022 0.995035
16.6034 -2.46984 0.995193
16.6408 -2.46947 0.995365
16.6789 -2.46912 0.99555
16.7175 -2.46879 0.995749
16.7568 -2.46848 0.995962
16.7966 -2.46821 0.996188
16.837 -2.46798 0.996429
16.8778 -2.46779 0.996683
16.919 -2.46764 0.996951
16.9606 -2.46755 0.997232
17.0026 -2.4675 0.997526
17.0447 -2.46752 0.997834
17.087 -2.4676 0.998155
17.1294 -2.46773 0.998488
17.1718 -2.46793 0.998833
17.2141 -2.46818 0.999191
17.2562 -2.4685 0.999559
17.298 -2.46886 0.999938
17.3394 -2.46928 1.00033
17.3803 -2.46975 1.00072
17.4206 -2.47025 1.00113
17.4602 -2.47079 1.00154
17.499 -2.47135 1.00196
17.537 -2.47193 1.00239
17.574 -2.47252 1.00282
17.6099 -2.4731 1.00325
17.6448 -2.47367 1.00369
17.6785 -2.47422 1.00412
17.7111 -2.47473 1.00455
17.7425 -2.47521 1.00499
17.7728 -2.47564 1.00541
17.8021 -2.47601 1.00583
17.8305 -2.47633 1.00624
17.8581 -2.4766 1.00665
17.8852 -2.47681 1.00704
17.912 -2.47699 1.00742
17.9021 -2.4784 0.998658
17.932 -2.47848 0.998609
17.9621 -2.47855 0.998561
17.9923 -2.47861 0.998516
18.0226 -2.47866 0.998476
18.0533 -2.47869 0.99844
18.0843 -2.47869 0.998411
18.1156 -2.47867 0.998388
18.1474 -2.47862 0.998371
18.1797 -2.47854 0.998361
18.2125 -2.47843 0.998358
18.2459 -2.47828 0.998361
18.2799 -2.47809 0.998369
18.3146 -2.47787 0.998383
18.3499 -2.4776 0.998401
18.386 -2.47728 0.998424
18.4227 -2.47692 0.998451
18.4602 -2.47651 0.998481
18.4985 -2.47605 0.998514
18.5375 -2.47552 0.998549
18.5772 -2.47493 0.998587
18.6176 -2.47426 0.998626
18.6587 -2.47352 0.998668
18.7004 -2.47269 0.99871
18.7427 -2.47175 0.998755
18.7856 -2.4707 0.998801
18.8289 -2.46952 0.998849
18.8725 -2.46819 0.998899
18.9165 -2.46669 0.998953
18.9606 -2.465 0.999009
19.0048 -2.46309 0.99907
19.0489 -2.46095 0.999135
19.0928 -2.45852 0.999206
19.1364 -2.4558 0.999284
19.1795 -2.45273 0.999369
19.222 -2.44928 0.999462
19.2636 -2.44541 0.999565
19.3042 -2.44108 0.999679
19.3437 -2.43625 0.999804
19.3819 -2.43088 0.999942
19.4186 -2.42492 1.00009
19.4536 -2.41833 1.00026
19.4869 -2.41108 1.00044
19.5183 -2.40312 1.00063
19.5476 -2.39443 1.00084
19.575 -2.38498 1.00107
19.6002 -2.37476 1.0013
19.6234 -2.36375 1.00155
19.6445 -2.35197 1.00181
19.6638 -2.33944 1.00207
19.6815 -2.3262 1.00234
19.6979 -2.31231 1.0026
19.7133 -2.29787 1.00286
19.7063 -2.3115 0.997184
19.7304 -2.28734 0.997471
19.7545 -2.26296 0.997747
19.7786 -2.23814 0.997999
19.8026 -2.21269 0.998214
19.8265 -2.18643 0.998373
19.8503 -2.15922 0.99846
19.8739 -2.13094 0.998457
19.8974 -2.10148 0.998344
19.9208 -2.07079 0.998104
19.944 -2.03883 0.997719
19.967 -2.00563 0.997173
19.99 -1.97122 0.996455
20.0128 -1.93571 0.995553
20.0355 -1.89923 0.994462
20.0582 -1.86198 0.99318
20.0808 -1.8242 0.991711
20.1035 -1.78616 0.990064
20.1263 -1.74819 0.988257
20.1492 -1.71066 0.986314
20.1723 -1.67399 0.984265
20.1957 -1.6386 0.982151
20.2193 -1.60495 0.980018
20.2433 -1.57351 0.977919
20.2677 -1.54472 0.975913
20.2925 -1.51901 0.974061
20.3177 -1.49675 0.972426
20.3435 -1.47824 0.971065
20.3697 -1.46365 0.970027
20.3965 -1.45302 0.969347
20.4238 -1.44615 0.969034
20.4518 -1.44265 0.969063
20.4805 -1.44177 0.969364
20.4662 -1.44454 0.959236
20.4897 -1.4446 0.959148
20.5133 -1.44465 0.959076
20.537 -1.44468 0.959038
20.5611 -1.44467 0.95905
20.5855 -1.44464 0.959128
20.6104 -1.44457 0.959285
20.6359 -1.44446 0.959535
20.662 -1.44433 0.959888
20.6888 -1.44418 0.960355
20.7165 -1.44402 0.960945
20.7449 -1.44386 0.961666
20.7744 -1.44371 0.962524
20.8048 -1.44359 0.963523
20.8362 -1.44352 0.964668
20.8687 -1.44352 0.96596
20.9022 -1.4436 0.967399
20.9369 -1.44378 0.968984
20.9727 -1.44409 0.970711
21.0096 -1.44454 0.972574
21.0476 -1.44515 0.974567
21.0867 -1.44592 0.976678
21.1267 -1.44688 0.978897
21.1677 -1.44802 0.98121
21.2095 -1.44936 0.9836
21.252 -1.45088 0.98605
21.2952 -1.45258 0.98854
21.3388 -1.45445 0.991048
21.3828 -1.45645 0.993551
21.4269 -1.45858 0.996026
21.4711 -1.46079 0.998446
21.515 -1.46304 1.00079
21.5587 -1.46529 1.00302
21.6018 -1.4675 1.00513
21.6442 -1.46962 1.0071
21.6859 -1.47159 1.00889
21.7266 -1.47337 1.0105
21.7665 -1.47493 1.01192
21.8054 -1.47623 1.01314
21.8435 -1.47727 1.01417
21.881 -1.47807 1.01503
21.9183 -1.47865 1.01575
21.9047 -1.48088 1.00488
21.9316 -1.48093 1.00484
21.9585 -1.48097 1.0048
21.9856 -1.481 1.00476
22.0127 -1.481 1.00473
22.0401 -1.48098 1.0047
22.0677 -1.48093 1.00468
22.0956 -1.48084 1.00466
22.1238 -1.48072 1.00465
22.1523 -1.48055 1.00465
22.1813 -1.48035 1.00466
22.2107 -1.4801 1.00468
22.2405 -1.47982 1.0047
22.2709 -1.47949 1.00473
22.3018 -1.47913 1.00477
22.3333 -1.47873 1.00482
22.3653 -1.4783 1.00487
22.398 -1.47784 1.00493
22.4313 -1.47736 1.005
22.4652 -1.47687 1.00508
22.4997 -1.47636 1.00516
22.535 -1.47584 1.00524
22.5708 -1.47533 1.00534
22.6074 -1.47483 1.00544
22.6445 -1.47434 1.00554
22.6823 -1.47388 1.00565
22.7208 -1.47345 1.00576
22.7598 -1.47306 1.00588
22.7994 -1.47271 1.00601
22.8395 -1.47242 1.00614
22.8801 -1.47219 1.00627
22.9211 -1.47203 1.00641
22.9625 -1.47194 1.00656
23.0042 -1.47193 1.00671
23.0462 -1.47199 1.00687
23.0884 -1.47214 1.00704
23.1306 -1.47238 1.00721
23.1729 -1.4727 1.00739
23.2151 -1.4731 1.00758
23.2571 -1.47358 1.00777
23.2988 -1.47414 1.00798
23.3402 -1.47477 1.0082
23.3811 -1.47546 1.00842
23.4214 -1.47621 1.00866
23.4611 -1.47701 1.0089
23.4999 -1.47784 1.00916
23.5379 -1.47869 1.00943
23.575 -1.47956 1.00971
23.611 -1.48042 1.01
23.646 -1.48126 1.01031
23.6798 -1.48207 1.01062
23.7125 -1.48284 1.01094
23.744 -1.48355 1.01127
23.7744 -1.4842 1.01161
23.8038 -1.48478 1.01195
23.8322 -1.48528 1.01229
23.8599 -1.4857 1.01263
23.887 -1.48606 1.01296
23.9138 -1.48637 1.01329
23.8993 -1.48924 1.0013
23.9262 -1.48929 1.00126
23.9531 -1.48932 1.00122
23.9801 -1.48933 1.00118
24.0073 -1.48932 1.00115
24.0346 -1.48928 1.00113
24.0622 -1.4892 1.00111
24.0901 -1.48908 1.00111
24.1183 -1.48892 1.00112
24.1469 -1.48871 1.00115
24.1758 -1.48845 1.00119
24.2052 -1.48813 1.00125
24.2351 -1.48777 1.00132
24.2656 -1.48736 1.0014
24.2965 -1.4869 1.00151
24.328 -1.4864 1.00163
24.3601 -1.48585 1.00176
24.3929 -1.48527 1.00191
24.4262 -1.48465 1.00208
24.4602 -1.48401 1.00226
24.4949 -1.48334 1.00246
24.5303 -1.48266 1.00268
24.5663 -1.48198 1.00291
24.603 -1.48129 1.00315
24.6403 -1.48062 1.00341
24.6783 -1.47996 1.00369
24.7169 -1.47933 1.00398
24.7562 -1.47874 1.00428
24.796 -1.47819 1.00459
24.8363 -1.47769 1.00492
24.8772 -1.47726 1.00525
24.9185 -1.47689 1.0056
24.9601 -1.47659 1.00596
25.0022 -1.47638 1.00633
25.0444 -1.47624 1.00671
25.0869 -1.4762 1.0071
25.1295 -1.47625 1.00749
25.1721 -1.47639 1.0079
25.2146 -1.47662 1.00831
25.2569 -1.47695 1.00872
25.299 -1.47736 1.00914
25.3407 -1.47785 1.00957
25.382 -1.47843 1.00999
25.4226 -1.47907 1.01043
25.4626 -1.47976 1.01086
25.5017 -1.48051 1.01129
25.54 -1.4813 1.01173
25.5774 -1.4821 1.01216
25.6136 -1.48292 1.01259
25.6488 -1.48373 1.01302
25.6828 -1.48453 1.01344
25.7157 -1.48529 1.01386
25.7473 -1.48601 1.01427
25.7779 -1.48667 1.01467
25.8073 -1.48727 1.01506
25.8358 -1.4878 1.01544
25.8635 -1.48826 1.0158
25.8906 -1.48866 1.01615
25.9174 -1.48901 1.01648
25.9019 -1.49267 1.00364
25.9288 -1.4927 1.00361
25.9557 -1.49271 1.00358
25.9827 -1.49271 1.00355
26.0099 -1.49268 1.00353
26.0372 -1.49262 1.00353
26.0648 -1.49251 1.00353
26.0927 -1.49237 1.00354
26.1209 -1.49217 1.00357
26.1494 -1.49192 1.00362
26.1784 -1.49162 1.00368
26.2078 -1.49127 1.00376
26.2377 -1.49086 1.00385
26.2681 -1.4904 1.00396
26.299 -1.48988 1.00409
26.3305 -1.48932 1.00424
26.3625 -1.48871 1.0044
26.3952 -1.48806 1.00458
26.4285 -1.48737 1.00478
26.4625 -1.48666 1.00499
26.4971 -1.48592 1.00522
26.5324 -1.48517 1.00547
26.5683 -1.48441 1.00573
26.605 -1.48365 1.006
26.6422 -1.4829 1.00629
26.6802 -1.48218 1.00659
26.7187 -1.48148 1.00691
26.7579 -1.48082 1.00724
26.7976 -1.48021 1.00757
26.8379 -1.47966 1.00792
26.8787 -1.47917 1.00828
26.9199 -1.47876 1.00865
26.9615 -1.47842 1.00902
27.0035 -1.47818 1.0094
27.0457 -1.47802 1.00979
27.0881 -1.47797 1.01019
27.1307 -1.47801 1.01059
27.1732 -1.47816 1.01099
27.2157 -1.4784 1.0114
27.258 -1.47875 1.01181
27.3001 -1.47919 1.01222
27.3418 -1.47972 1.01263
27.383 -1.48034 1.01305
27.4237 -1.48103 1.01346
27.4637 -1.48179 1.01388
27.5029 -1.4826 1.01429
27.5412 -1.48345 1.0147
27.5786 -1.48433 1.01511
27.6149 -1.48523 1.01551
27.6501 -1.48612 1.01591
27.6842 -1.48699 1.0163
27.7171 -1.48783 1.01669
27.7488 -1.48862 1.01707
27.7794 -1.48936 1.01744
27.8088 -1.49003 1.0178
27.8374 -1.49062 1.01815
27.8651 -1.49115 1.01849
27.8923 -1.4916 1.01881
27.9191 -1.492 1.01911
27.9054 -1.49639 1.00617
27.9323 -1.49641 1.00613
27.9592 -1.49641 1.0061
27.9862 -1.49639 1.00606
28.0134 -1.49634 1.00604
28.0407 -1.49625 1.00602
28.0683 -1.49613 1.00602
28.0962 -1.49595 1.00603
28.1244 -1.49572 1.00605
28.1529 -1.49544 1.00609
28.1819 -1.4951 1.00615
28.2113 -1.4947 1.00622
28.2411 -1.49424 1.00632
28.2715 -1.49373 1.00643
28.3024 -1.49316 1.00656
28.3339 -1.49253 1.0067
28.366 -1.49186 1.00687
28.3986 -1.49115 1.00705
28.4319 -1.49039 1.00725
28.4659 -1.48961 1.00747
28.5005 -1.4888 1.0077
28.5358 -1.48798 1.00795
28.5718 -1.48715 1.00821
28.6084 -1.48632 1.00849
28.6457 -1.48551 1.00879
28.6836 -1.48471 1.0091
28.7222 -1.48396 1.00942
28.7613 -1.48324 1.00975
28.8011 -1.48258 1.0101
28.8414 -1.48198 1.01045
28.8822 -1.48146 1.01082
28.9234 -1.48101 1.01119
28.9651 -1.48066 1.01158
29.0071 -1.4804 1.01197
29.0494 -1.48024 1.01237
29.0919 -1.48019 1.01278
29.1345 -1.48025 1.01319
29.1771 -1.48042 1.01361
29.2196 -1.4807 1.01404
29.262 -1.4811 1.01447
29.3042 -1.4816 1.01491
29.346 -1.4822 1.01535
29.3873 -1.48289 1.01579
29.428 -1.48367 1.01624
29.4681 -1.48453 1.0167
29.5073 -1.48544 1.01715
29.5457 -1.48641 1.01762
29.5831 -1.4874 1.01808
29.6195 -1.48842 1.01854
29.6548 -1.48943 1.01901
29.6889 -1.49043 1.01949
29.7218 -1.4914 1.01996
29.7535 -1.49232 1.02043
29.7841 -1.49318 1.02091
29.8136 -1.49397 1.02138
29.8421 -1.49468 1.02186
29.8697 -1.49532 1.02233
29.8968 -1.49588 1.02279
29.9236 -1.49638 1.02325
29.9093 -1.50101 1.00947
29.9362 -1.50102 1.00943
29.9631 -1.50101 1.00938
29.9901 -1.50099 1.00934
30.0172 -1.50093 1.00931
30.0445 -1.50083 1.00929
30.0721 -1.50069 1.00928
30.0999 -1.50049 1.00929
30.1281 -1.50024 1.00931
30.1566 -1.49994 1.00934
30.1855 -1.49957 1.0094
30.2149 -1.49914 1.00947
30.2447 -1.49865 1.00956
30.275 -1.4981 1.00967
30.3059 -1.49748 1.0098
30.3373 -1.49682 1.00995
30.3693 -1.4961 1.01011
30.4019 -1.49534 1.01029
30.4351 -1.49454 1.01049
30.469 -1.4937 1.01071
30.5035 -1.49284 1.01094
30.5387 -1.49197 1.01119
30.5746 -1.49109 1.01145
30.6111 -1.49021 1.01173
30.6483 -1.48935 1.01202
30.6861 -1.48852 1.01232
30.7246 -1.48772 1.01264
30.7636 -1.48696 1.01296
30.8032 -1.48627 1.0133
30.8434 -1.48564 1.01365
30.8841 -1.4851 1.014
30.9253 -1.48463 1.01437
30.9668 -1.48427 1.01474
31.0087 -1.48401 1.01512
31.0509 -1.48385 1.01551
31.0933 -1.48382 1.0159
31.1358 -1.48389 1.0163
31.1783 -1.48409 1.0167
31.2208 -1.48441 1.01711
31.2631 -1.48484 1.01753
31.3052 -1.48539 1.01794
31.3469 -1.48604 1.01837
31.3881 -1.48679 1.01879
31.4288 -1.48764 1.01922
31.4688 -1.48856 1.01966
31.5081 -1.48954 1.02009
31.5464 -1.49058 1.02054
31.5838 -1.49164 1.02098
31.6202 -1.49273 1.02143
31.6555 -1.49381 1.02189
31.6895 -1.49487 1.02234
31.7225 -1.49589 1.0228
31.7542 -1.49686 1.02327
31.7847 -1.49777 1.02373
31.8142 -1.49859 1.0242
31.8427 -1.49934 1.02467
31.8704 -1.49999 1.02513
31.8975 -1.50057 1.02559
31.9242 -1.50109 1.02605
31.9118 -1.50375 1.01283
31.9418 -1.50379 1.0128
31.9718 -1.5038 1.01276
32.0019 -1.50379 1.01274
32.0322 -1.50374 1.01272
32.0628 -1.50365 1.01273
32.0937 -1.5035 1.01275
32.125 -1.50329 1.01279
32.1567 -1.50301 1.01285
32.1888 -1.50266 1.01293
32.2215 -1.50223 1.01303
32.2548 -1.50172 1.01316
32.2887 -1.50112 1.01331
32.3232 -1.50045 1.01348
32.3584 -1.49969 1.01367
32.3943 -1.49884 1.01388
32.4309 -1.49791 1.01411
32.4682 -1.4969 1.01436
32.5063 -1.49581 1.01462
32.5451 -1.49464 1.0149
32.5846 -1.49338 1.0152
32.6249 -1.49204 1.0155
32.6658 -1.49062 1.01581
32.7074 -1.48911 1.01614
32.7496 -1.48752 1.01647
32.7924 -1.48582 1.01681
32.8357 -1.48403 1.01715
32.8793 -1.48212 1.01749
32.9233 -1.48008 1.01784
32.9676 -1.4779 1.01819
33.0119 -1.47556 1.01854
33.0562 -1.47304 1.01888
33.1004 -1.4703 1.01923
33.1443 -1.46733 1.01957
33.1878 -1.46409 1.01991
33.2306 -1.46054 1.02025
33.2727 -1.45665 1.02058
33.3139 -1.45237 1.02091
33.3539 -1.44765 1.02124
33.3926 -1.44246 1.02156
33.4299 -1.43674 1.02188
33.4655 -1.43045 1.02219
33.4993 -1.42353 1.02251
33.5313 -1.41595 1.02282
33.5611 -1.40767 1.02313
33.5889 -1.39864 1.02343
33.6145 -1.38884 1.02374
33.638 -1.37827 1.02404
33.6594 -1.36691 1.02434
33.6789 -1.35478 1.02464
33.6966 -1.34191 1.02494
33.713 -1.32838 1.02522
33.7284 -1.31427 1.0255
33.7152 -1.3177 1.0134
33.7391 -1.29335 1.01346
33.7632 -1.26879 1.01346
33.7876 -1.24383 1.01333
33.8123 -1.21829 1.01302
33.8376 -1.19204 1.01246
33.8635 -1.16493 1.01159
33.8902 -1.13688 1.01036
33.9176 -1.10782 1.00872
33.9459 -1.07772 1.00664
33.975 -1.04656 1.00408
34.0051 -1.01438 1.00103
34.0361 -0.98127 0.997498
34.0679 -0.947328 0.993501
34.1006 -0.912712 0.989079
34.134 -0.877619 0.984295
34.1679 -0.842284 0.979236
34.2023 -0.806981 0.974014
34.2368 -0.772019 0.968764
34.2712 -0.737739 0.96365
34.3052 -0.704507 0.958861
34.3383 -0.672707 0.954607
34.3703 -0.642731 0.951118
34.4007 -0.614966 0.948638
34.4289 -0.589783 0.94742
34.4546 -0.567519 0.947714
34.4773 -0.548455 0.949756
34.4965 -0.532796 0.953752
34.5121 -0.520644 0.959861
34.5238 -0.511967 0.968168
34.5317 -0.506564 0.978663
34.5361 -0.504031 0.9912
34.5377 -0.503711 1.00546
34.525 -0.507896 0.991718
34.5159 -0.508474 0.97926
34.5402 -0.483562 0.979414
34.5648 -0.458009 0.981095
34.5902 -0.431271 0.98572
34.6165 -0.402944 0.994558
34.644 -0.372778 1.00869
34.673 -0.340702 1.02895
34.7035 -0.306832 1.05591
34.7356 -0.271482 1.08976
34.7692 -0.235159 1.13029
34.8041 -0.198552 1.17682
34.8398 -0.162505 1.22812
34.8758 -0.127977 1.28248
34.9111 -0.0959828 1.33762
34.9445 -0.0675189 1.39089
34.9747 -0.0434702 1.43937
35.0001 -0.0244974 1.48017
35.0197 -0.0109072 1.51085
35.0325 -0.00250494 1.53007
35.0387 0.0015682 1.53833
35.0254 -0.00206485 1.52471
