-0.00270975 -0.00952964 0.991244
-0.00307097 -0.00972311 0.991245
-0.00282987 -0.00977461 0.991228
-0.00139184 -0.00955197 0.991181
0.00182077 -0.00893013 0.991098
0.00736124 -0.00779319 0.99097
0.01575 -0.0060369 0.990795
0.0274647 -0.00357161 0.99057
0.0429298 -0.000325656 0.990296
0.0625045 0.00375087 0.989976
0.086471 0.00868217 0.989614
0.115022 0.0144627 0.989217
0.148249 0.0210532 0.988794
0.18613 0.0283774 0.988355
0.228527 0.0363194 0.987914
0.275174 0.0447224 0.987483
0.325681 0.0533894 0.987077
0.379539 0.0620862 0.98671
0.436137 0.070548 0.986396
0.494785 0.0784897 0.986148
0.554753 0.085622 0.985974
0.615327 0.0916732 0.985882
0.675878 0.0964186 0.985874
0.735961 0.0997192 0.985946
0.795436 0.101571 0.98609
0.854618 0.102165 0.986288
0.846358 0.0964822 0.979105
0.872471 0.0963743 0.979101
0.898635 0.0962648 0.979095
0.924902 0.0961508 0.979087
0.95132 0.0960291 0.979078
0.977939 0.0958969 0.979066
1.00481 0.0957511 0.979054
1.03197 0.095589 0.97904
1.05947 0.0954075 0.979025
1.08736 0.0952039 0.979009
1.11567 0.0949755 0.978994
1.14444 0.0947197 0.978979
1.17371 0.0944341 0.978965
1.20351 0.0941163 0.978952
1.23388 0.0937642 0.978942
1.26485 0.0933758 0.978936
1.29643 0.0929493 0.978934
1.32866 0.0924833 0.978936
1.36154 0.0919763 0.978945
1.3951 0.0914274 0.978962
1.42935 0.0908358 0.978986
1.46429 0.0902009 0.979021
1.49993 0.0895227 0.979066
1.53626 0.0888014 0.979123
1.57327 0.0880373 0.979193
1.61095 0.0872314 0.979277
1.64928 0.0863848 0.979377
1.68823 0.0854993 0.979494
1.72779 0.0845768 0.979628
1.7679 0.0836197 0.979781
1.80853 0.0826307 0.979953
1.84964 0.0816132 0.980146
1.89116 0.0805707 0.980359
1.93303 0.0795072 0.980594
1.9752 0.078427 0.98085
2.01759 0.077335 0.981128
2.06012 0.0762363 0.981427
2.10271 0.0751363 0.981748
2.14528 0.0740408 0.982088
2.18773 0.0729558 0.982449
2.22997 0.0718877 0.982827
2.27191 0.0708429 0.983223
2.31344 0.0698279 0.983634
2.35448 0.0688495 0.984059
2.39491 0.0679143 0.984494
2.43464 0.0670288 0.984938
2.47359 0.0661994 0.985388
2.51165 0.0654321 0.985841
2.54877 0.0647326 0.986293
2.58485 0.064106 0.986743
2.61985 0.0635567 0.987186
2.65371 0.0630881 0.98762
2.68642 0.0627029 0.988041
2.71797 0.0624022 0.988447
2.74837 0.0621857 0.988835
2.77768 0.0620518 0.989204
2.80597 0.0619963 0.989552
2.83335 0.0620134 0.989878
2.86 0.0620942 0.990184
2.88612 0.0622275 0.990472
2.91196 0.0623984 0.990744
2.90675 0.0566326 0.985358
2.93364 0.0564613 0.98532
2.96059 0.0562946 0.985281
2.98763 0.056135 0.98524
3.01482 0.055985 0.985198
3.04221 0.0558472 0.985154
3.06984 0.0557236 0.985109
3.09777 0.0556163 0.985061
3.12602 0.0555272 0.985011
3.15465 0.0554579 0.984959
3.18369 0.05541 0.984906
3.21319 0.055385 0.984851
3.24318 0.0553838 0.984795
3.27368 0.0554077 0.984739
3.30473 0.0554573 0.984682
3.33637 0.0555335 0.984627
3.3686 0.0556366 0.984573
3.40145 0.0557669 0.984521
3.43494 0.0559247 0.984474
3.46907 0.0561097 0.98443
3.50386 0.0563219 0.984393
3.53931 0.0565607 0.984362
3.57542 0.0568255 0.984339
3.61218 0.0571155 0.984327
3.64958 0.0574298 0.984325
3.6876 0.0577671 0.984335
3.72621 0.0581262 0.98436
3.7654 0.0585056 0.984399
3.80512 0.0589035 0.984455
3.84533 0.0593181 0.984529
3.88598 0.0597476 0.984621
3.92703 0.0601896 0.984734
3.96841 0.0606421 0.984868
4.01005 0.0611027 0.985025
4.05189 0.0615688 0.985204
4.09385 0.0620381 0.985406
4.13585 0.0625078 0.985633
4.1778 0.0629753 0.985883
4.21961 0.0634379 0.986158
4.26118 0.0638931 0.986457
4.30243 0.0643381 0.986778
4.34325 0.0647704 0.987122
4.38355 0.0651874 0.987488
4.42323 0.0655868 0.987874
4.46219 0.0659664 0.988278
4.50035 0.0663241 0.988699
4.53763 0.066658 0.989135
4.57395 0.0669666 0.989584
4.60924 0.0672487 0.990042
4.64347 0.0675032 0.990508
4.67659 0.0677297 0.990978
4.7086 0.067928 0.991451
4.73951 0.0680985 0.991924
4.76936 0.0682422 0.992393
4.79823 0.0683603 0.992857
4.82623 0.068455 0.993315
4.85352 0.0685291 0.993764
4.8803 0.0685859 0.994205
4.90684 0.0686297 0.994637
4.90479 0.0647963 0.993994
4.93878 0.0646504 0.994075
4.97287 0.0645059 0.994067
5.00716 0.0643623 0.993885
5.04173 0.0642187 0.993446
5.07666 0.064074 0.992669
5.11205 0.063927 0.991479
5.14797 0.063776 0.989805
5.18447 0.0636195 0.987581
5.22164 0.0634556 0.984748
5.25951 0.0632827 0.981253
5.29814 0.0630988 0.977052
5.33755 0.0629024 0.972107
5.37778 0.0626916 0.966392
5.41883 0.0624649 0.959891
5.4607 0.0622207 0.952599
5.50338 0.0619578 0.944523
5.54684 0.061675 0.935683
5.59104 0.0613714 0.926114
5.63591 0.061046 0.915866
5.68138 0.0606986 0.905004
5.72736 0.0603286 0.893612
5.77372 0.059936 0.881787
5.82034 0.059521 0.869647
5.86707 0.059084 0.857327
5.91374 0.0586256 0.84498
5.96016 0.0581466 0.832776
6.00613 0.057648 0.820904
6.05142 0.0571311 0.809569
6.09581 0.0565973 0.798989
6.13903 0.0560482 0.789397
6.18085 0.0554855 0.781039
6.22099 0.0549109 0.774165
6.25919 0.0543264 0.769033
6.29518 0.0537339 0.765901
6.32871 0.0531353 0.765021
6.35954 0.0525325 0.766634
6.38747 0.0519273 0.770966
6.41229 0.0513215 0.778214
6.43388 0.0507167 0.78854
6.45215 0.0501142 0.802063
6.4671 0.0495154 0.818839
6.47877 0.0489209 0.838856
6.48736 0.0483315 0.862014
6.49315 0.0477474 0.888107
6.49656 0.0471684 0.916808
6.49821 0.0465938 0.947641
6.49449 0.0464521 0.944528
6.49102 0.0465066 0.94407
6.52405 0.0460247 0.945774
6.55805 0.0456574 0.956007
6.59384 0.0454045 0.98266
6.63205 0.045168 1.03252
6.67304 0.0447859 1.11075
6.71684 0.0440734 1.2202
6.76301 0.0428704 1.36076
6.81061 0.0410904 1.52864
6.85806 0.0387641 1.71594
6.90315 0.0360681 1.91067
6.94318 0.0333273 2.0974
6.97528 0.0309759 2.2593
6.99712 0.0294568 2.38169
7.00804 0.0290387 2.45807
6.98811 0.021066 2.45126
6.97067 0.0226009 2.44455
6.99416 0.0224016 2.4445
7.01774 0.0222207 2.44462
7.04152 0.0220734 2.44505
7.0656 0.0219731 2.44596
7.09006 0.0219317 2.44748
7.11501 0.0219595 2.44978
7.14052 0.0220649 2.45297
7.16668 0.0222548 2.4572
7.19357 0.0225342 2.46258
7.22125 0.0229065 2.46923
7.2498 0.0233732 2.47723
7.27927 0.0239341 2.48668
7.30972 0.0245875 2.49764
7.34117 0.0253297 2.51016
7.37367 0.0261557 2.52428
7.40724 0.0270591 2.54002
7.44187 0.0280319 2.55735
7.47759 0.0290651 2.57625
7.51435 0.0301485 2.59666
7.55214 0.0312713 2.6185
7.59092 0.0324217 2.64164
7.63062 0.0335878 2.66595
7.67117 0.0347572 2.69126
7.71248 0.0359178 2.71736
7.75445 0.0370576 2.74403
7.79696 0.0381655 2.77101
7.83989 0.0392308 2.79802
7.88309 0.0402443 2.82476
7.92642 0.041198 2.85092
7.96973 0.0420854 2.87615
8.01286 0.0429021 2.90014
8.05566 0.0436452 2.92255
8.09798 0.0443144 2.94307
8.13972 0.044911 2.96141
8.18076 0.0454387 2.97734
8.22104 0.0459032 2.99067
8.26054 0.046312 3.00131
8.2993 0.0466739 3.00926
8.33743 0.0469989 3.01467
8.37513 0.0472973 3.01783
8.41272 0.0475791 3.01926
8.3993 0.0443624 3.01404
8.42622 0.0442026 3.01406
8.4532 0.0440519 3.01408
8.48027 0.0439169 3.0141
8.50748 0.0438039 3.01411
8.53489 0.0437189 3.01411
8.56254 0.0436674 3.01411
8.59047 0.0436545 3.01409
8.61872 0.0436848 3.01405
8.64734 0.0437626 3.014
8.67636 0.0438916 3.01392
8.70582 0.044075 3.01383
8.73576 0.0443157 3.01371
8.7662 0.044616 3.01356
8.79718 0.0449777 3.01339
8.82872 0.0454019 3.01319
8.86084 0.0458896 3.01296
8.89356 0.0464407 3.01269
8.92691 0.0470551 3.0124
8.96088 0.0477318 3.01206
8.99549 0.0484694 3.0117
9.03075 0.0492659 3.0113
9.06665 0.0501189 3.01087
9.10318 0.0510253 3.0104
9.14034 0.0519816 3.0099
9.1781 0.0529838 3.00937
9.21645 0.0540272 3.00881
9.25536 0.0551069 3.00822
9.29479 0.0562175 3.0076
9.33471 0.0573532 3.00696
9.37507 0.0585077 3.0063
9.41581 0.0596745 3.00562
9.45689 0.0608467 3.00493
9.49824 0.0620173 3.00423
9.53978 0.0631791 3.00352
9.58145 0.0643245 3.00281
9.62317 0.0654462 3.00211
9.66484 0.0665367 3.00142
9.7064 0.0675885 3.00074
9.74773 0.0685943 3.00008
9.78875 0.0695471 2.99945
9.82937 0.0704402 2.99886
9.86948 0.0712671 2.9983
9.909 0.072022 2.99779
9.94783 0.0726996 2.99733
9.98588 0.0732952 2.99693
10.0231 0.0738049 2.99659
10.0593 0.0742259 2.99632
10.0946 0.0745561 2.99612
10.1288 0.0747946 2.99599
10.162 0.0749418 2.99594
10.194 0.0749993 2.99597
10.225 0.0749702 2.99608
10.255 0.0748592 2.99626
10.2839 0.0746725 2.99651
10.3121 0.0744182 2.99683
10.3395 0.0741062 2.99721
10.3665 0.0737485 2.99764
10.3932 0.0733591 2.99809
10.3801 0.0716399 2.9926
10.4066 0.0714841 2.99261
10.4331 0.0713334 2.99262
10.4597 0.0711908 2.99264
10.4864 0.071059 2.99265
10.5134 0.0709403 2.99267
10.5406 0.0708368 2.99269
10.568 0.07075 2.99271
10.5958 0.0706812 2.99274
10.6239 0.0706313 2.99277
10.6525 0.0706008 2.99281
10.6815 0.0705899 2.99285
10.7109 0.0705984 2.99289
10.7409 0.0706258 2.99294
10.7714 0.0706712 2.99298
10.8024 0.0707333 2.99304
10.8341 0.0708108 2.99309
10.8663 0.0709016 2.99315
10.8992 0.0710038 2.99321
10.9327 0.0711149 2.99328
10.9669 0.0712323 2.99335
11.0017 0.0713532 2.99342
11.0371 0.0714746 2.99349
11.0732 0.0715933 2.99357
11.1099 0.0717061 2.99365
11.1473 0.0718095 2.99374
11.1853 0.0719003 2.99383
11.2238 0.0719749 2.99393
11.2629 0.0720303 2.99403
11.3026 0.072063 2.99414
11.3426 0.07207 2.99425
11.3832 0.0720485 2.99437
11.4241 0.0719958 2.9945
11.4653 0.0719097 2.99463
11.5068 0.0717881 2.99478
11.5484 0.0716294 2.99493
11.5901 0.0714326 2.9951
11.6319 0.071197 2.99527
11.6736 0.0709223 2.99546
11.7152 0.070609 2.99565
11.7565 0.0702581 2.99587
11.7975 0.0698711 2.99609
11.838 0.0694502 2.99633
11.8781 0.068998 2.99658
11.9175 0.068518 2.99685
11.9562 0.0680138 2.99714
11.9941 0.0674901 2.99744
12.0311 0.0669514 2.99775
12.0671 0.066403 2.99808
12.1021 0.0658503 2.99843
12.1361 0.0652988 2.9988
12.169 0.064754 2.99917
12.2008 0.0642212 2.99956
12.2314 0.0637053 2.99997
12.2611 0.0632104 3.00038
12.2897 0.0627398 3.00081
12.3175 0.0622955 3.00124
12.3446 0.0618777 3.00168
12.3711 0.0614847 3.00212
12.3974 0.0611121 3.00256
12.3832 0.0590981 2.99635
12.4096 0.0589423 2.99637
12.4361 0.0587935 2.99639
12.4627 0.0586563 2.99641
12.4894 0.0585349 2.99643
12.5163 0.0584328 2.99645
12.5434 0.0583533 2.99648
12.5708 0.0582993 2.99651
12.5986 0.058273 2.99654
12.6267 0.0582765 2.99658
12.6552 0.058311 2.99662
12.6841 0.0583776 2.99666
12.7135 0.0584769 2.9967
12.7434 0.0586088 2.99674
12.7739 0.0587729 2.99679
12.8049 0.0589685 2.99683
12.8364 0.0591942 2.99688
12.8686 0.0594483 2.99693
12.9014 0.0597287 2.99698
12.9349 0.0600329 2.99702
12.9689 0.0603579 2.99707
13.0037 0.0607007 2.99712
13.039 0.0610576 2.99717
13.0751 0.0614248 2.99721
13.1117 0.0617984 2.99726
13.149 0.0621741 2.99731
13.1869 0.0625475 2.99736
13.2254 0.0629143 2.9974
13.2644 0.0632698 2.99745
13.304 0.0636095 2.9975
13.344 0.0639292 2.99756
13.3845 0.0642244 2.99761
13.4254 0.064491 2.99767
13.4665 0.0647252 2.99773
13.508 0.0649233 2.9978
13.5496 0.0650823 2.99787
13.5913 0.0651993 2.99795
13.6331 0.065272 2.99804
13.6748 0.0652987 2.99814
13.7163 0.0652783 2.99825
13.7577 0.0652101 2.99837
13.7987 0.0650942 2.9985
13.8392 0.0649316 2.99864
13.8793 0.0647235 2.9988
13.9187 0.0644723 2.99897
13.9575 0.0641808 2.99917
13.9954 0.0638526 2.99937
14.0325 0.0634918 2.9996
14.0686 0.063103 2.99985
14.1037 0.0626916 3.00011
14.1377 0.062263 3.00039
14.1707 0.061823 3.00069
14.2025 0.0613773 3.00102
14.2333 0.0609317 3.00135
14.2629 0.0604913 3.00171
14.2917 0.0600609 3.00208
14.3195 0.0596438 3.00246
14.3466 0.0592426 3.00284
14.3732 0.0588575 3.00324
14.3996 0.0584869 3.00363
14.3846 0.0562759 2.99651
14.411 0.0561286 2.99653
14.4375 0.0559887 2.99655
14.4641 0.0558611 2.99658
14.4908 0.0557501 2.99661
14.5177 0.0556597 2.99664
14.5448 0.0555933 2.99667
14.5722 0.0555538 2.99671
14.5999 0.0555436 2.99676
14.628 0.0555646 2.99681
14.6565 0.0556182 2.99686
14.6854 0.0557053 2.99692
14.7148 0.0558261 2.99699
14.7447 0.0559806 2.99706
14.7751 0.056168 2.99714
14.8061 0.0563871 2.99722
14.8376 0.0566363 2.99731
14.8698 0.0569134 2.9974
14.9025 0.0572158 2.99749
14.9359 0.0575405 2.99759
14.97 0.057884 2.99769
15.0047 0.0582425 2.9978
15.04 0.058612 2.99791
15.076 0.0589881 2.99802
15.1127 0.059366 2.99813
15.1499 0.059741 2.99825
15.1878 0.0601081 2.99837
15.2262 0.0604622 2.99849
15.2653 0.0607985 2.99862
15.3048 0.0611118 2.99875
15.3448 0.0613974 2.99888
15.3853 0.0616506 2.99902
15.4261 0.0618671 2.99916
15.4673 0.0620427 2.99931
15.5087 0.0621739 2.99946
15.5503 0.0622575 2.99961
15.5921 0.062291 2.99978
15.6339 0.0622724 2.99995
15.6756 0.0622003 3.00012
15.7172 0.0620742 3.00031
15.7586 0.0618943 3.0005
15.7996 0.0616614 3.0007
15.8403 0.0613775 3.00092
15.8804 0.0610452 3.00114
15.9199 0.0606679 3.00138
15.9587 0.0602498 3.00162
15.9967 0.059796 3.00188
16.0338 0.0593121 3.00215
16.07 0.0588045 3.00244
16.1052 0.0582799 3.00273
16.1393 0.0577453 3.00304
16.1723 0.0572079 3.00337
16.2042 0.0566748 3.0037
16.235 0.0561528 3.00405
16.2647 0.0556477 3.0044
16.2934 0.0551647 3.00477
16.3213 0.0547072 3.00514
16.3485 0.0542768 3.00552
16.3751 0.0538727 3.00589
16.4015 0.0534907 3.00627
16.3858 0.0510472 2.99825
16.4127 0.050906 2.99827
16.4396 0.0507732 2.9983
16.4666 0.0506546 2.99832
16.4937 0.0505553 2.99835
16.5211 0.0504798 2.99839
16.5487 0.0504322 2.99843
16.5766 0.0504158 2.99848
16.6048 0.0504334 2.99854
16.6334 0.0504872 2.9986
16.6624 0.0505787 2.99867
16.6919 0.0507087 2.99874
16.7219 0.0508777 2.99883
16.7524 0.0510851 2.99892
16.7834 0.0513302 2.99902
16.815 0.0516112 2.99912
16.8472 0.051926 2.99923
16.88 0.0522719 2.99935
16.9135 0.0526456 2.99947
16.9477 0.0530434 2.9996
16.9825 0.0534608 2.99973
17.018 0.0538934 2.99987
17.0541 0.0543359 3.00001
17.0909 0.0547831 3.00015
17.1284 0.0552293 3.0003
17.1665 0.0556685 3.00046
17.2053 0.056095 3.00061
17.2446 0.0565026 3.00077
17.2845 0.0568854 3.00094
17.325 0.0572375 3.0011
17.3659 0.0575534 3.00127
17.4072 0.0578276 3.00145
17.4489 0.0580552 3.00162
17.491 0.0582317 3.00181
17.5332 0.0583531 3.00199
17.5756 0.0584163 3.00218
17.6181 0.0584187 3.00238
17.6606 0.0583584 3.00258
17.703 0.0582348 3.00279
17.7452 0.0580478 3.003
17.7872 0.0577985 3.00322
17.8287 0.057489 3.00345
17.8697 0.0571223 3.00369
17.9101 0.0567025 3.00394
17.9498 0.0562347 3.00419
17.9888 0.055725 3.00446
18.0268 0.0551803 3.00474
18.0639 0.0546081 3.00503
18.0999 0.0540167 3.00533
18.1349 0.0534147 3.00564
18.1687 0.0528108 3.00596
18.2013 0.0522138 3.00629
18.2328 0.0516319 3.00663
18.2632 0.0510724 3.00698
18.2926 0.0505414 3.00734
18.321 0.0500431 3.0077
18.3487 0.0495793 3.00806
18.3758 0.0491487 3.00843
18.4026 0.0487461 3.00879
18.3867 0.0463153 2.99994
18.4135 0.0461804 2.99997
18.4404 0.0460545 2.99999
18.4674 0.045944 3.00002
18.4946 0.0458545 3.00006
18.5219 0.045791 3.0001
18.5495 0.0457579 3.00015
18.5774 0.045759 3.0002
18.6056 0.0457971 3.00027
18.6342 0.0458748 3.00034
18.6632 0.0459936 3.00042
18.6926 0.0461545 3.00051
18.7226 0.0463578 3.00062
18.753 0.046603 3.00073
18.784 0.0468891 3.00084
18.8156 0.0472141 3.00097
18.8478 0.0475757 3.00111
18.8806 0.0479708 3.00125
18.9141 0.0483956 3.0014
18.9482 0.0488458 3.00156
18.983 0.0493168 3.00172
19.0184 0.0498031 3.00189
19.0546 0.0502992 3.00207
19.0914 0.050799 3.00225
19.1288 0.0512962 3.00243
19.1669 0.0517842 3.00262
19.2057 0.0522564 3.00281
19.245 0.0527062 3.00301
19.2849 0.0531268 3.00321
19.3253 0.0535117 3.00342
19.3662 0.0538549 3.00362
19.4076 0.0541503 3.00383
19.4493 0.0543925 3.00405
19.4914 0.0545767 3.00426
19.5337 0.0546986 3.00448
19.5761 0.0547546 3.00471
19.6187 0.0547423 3.00493
19.6612 0.0546599 3.00516
19.7037 0.0545066 3.0054
19.7459 0.0542828 3.00564
19.7879 0.05399 3.00588
19.8295 0.0536308 3.00613
19.8706 0.0532089 3.00639
19.9111 0.0527293 3.00665
19.9509 0.0521981 3.00692
19.9899 0.0516223 3.0072
20.028 0.05101 3.00749
20.0652 0.05037 3.00778
20.1013 0.0497119 3.00808
20.1363 0.0490456 3.00839
20.1702 0.0483811 3.00871
20.2029 0.0477285 3.00904
20.2345 0.0470969 3.00937
20.2649 0.0464946 3.00972
20.2943 0.0459284 3.01006
20.3228 0.0454028 3.01042
20.3505 0.0449194 3.01077
20.3776 0.0444763 3.01112
20.4045 0.0440668 3.01147
20.3876 0.0426656 3.00213
20.4145 0.0425244 3.00216
20.4414 0.0423927 3.00219
20.4683 0.0422771 3.00222
20.4955 0.0421838 3.00225
20.5228 0.0421179 3.0023
20.5504 0.0420843 3.00236
20.5783 0.0420869 3.00242
20.6064 0.0421289 3.0025
20.635 0.0422127 3.00258
20.664 0.0423401 3.00268
20.6934 0.042512 3.00279
20.7233 0.0427285 3.00291
20.7538 0.042989 3.00305
20.7847 0.0432923 3.00319
20.8163 0.0436362 3.00335
20.8485 0.0440179 3.00352
20.8812 0.0444339 3.00369
20.9147 0.0448801 3.00388
20.9487 0.0453518 3.00408
20.9835 0.0458435 3.00429
21.0189 0.0463494 3.0045
21.055 0.0468633 3.00472
21.0917 0.0473785 3.00495
21.1291 0.047888 3.00519
21.1672 0.0483847 3.00543
21.2059 0.0488614 3.00567
21.2452 0.0493108 3.00592
21.2851 0.0497255 3.00618
21.3255 0.0500987 3.00644
21.3664 0.0504237 3.0067
21.4077 0.0506941 3.00697
21.4494 0.0509042 3.00724
21.4914 0.051049 3.00751
21.5337 0.051124 3.00778
21.5762 0.0511257 3.00805
21.6187 0.0510518 3.00833
21.6613 0.0509006 3.00861
21.7038 0.0506719 3.00889
21.7461 0.0503665 3.00917
21.7881 0.0499867 3.00946
21.8297 0.0495357 3.00974
21.8709 0.0490184 3.01003
21.9114 0.0484408 3.01032
21.9513 0.0478101 3.01062
21.9904 0.0471348 3.01092
22.0286 0.0464243 3.01122
22.0658 0.0456889 3.01153
22.102 0.0449397 3.01184
22.137 0.0441879 3.01215
22.171 0.0434453 3.01247
22.2038 0.0427229 3.01279
22.2354 0.0420311 3.01312
22.2659 0.0413791 3.01345
22.2953 0.0407741 3.01378
22.3238 0.0402209 3.01412
22.3515 0.0397204 3.01445
22.3787 0.0392697 3.01479
22.4055 0.0388604 3.01511
22.3897 0.036944 3.00419
22.4165 0.0368189 3.00421
22.4434 0.0367042 3.00422
22.4704 0.0366071 3.00424
22.4976 0.0365343 3.00427
22.5249 0.0364915 3.00431
22.5525 0.0364838 3.00436
22.5803 0.0365156 3.00441
22.6085 0.0365902 3.00448
22.6371 0.0367104 3.00456
22.6661 0.036878 3.00466
22.6955 0.037094 3.00477
22.7254 0.0373586 3.00489
22.7559 0.037671 3.00502
22.7868 0.0380299 3.00517
22.8184 0.0384328 3.00533
22.8505 0.0388767 3.0055
22.8833 0.0393578 3.00569
22.9167 0.0398715 3.00588
22.9508 0.0404125 3.00609
22.9855 0.040975 3.0063
23.0209 0.0415526 3.00653
23.057 0.0421383 3.00676
23.0937 0.042725 3.007
23.1311 0.0433048 3.00725
23.1692 0.0438701 3.0075
23.2079 0.0444127 3.00776
23.2472 0.0449248 3.00803
23.287 0.0453985 3.0083
23.3274 0.0458259 3.00857
23.3683 0.0462 3.00885
23.4097 0.0465136 3.00913
23.4514 0.0467607 3.00941
23.4935 0.0469356 3.00969
23.5358 0.0470335 3.00998
23.5783 0.0470508 3.01027
23.6209 0.0469848 3.01055
23.6635 0.0468338 3.01084
23.706 0.0465976 3.01113
23.7484 0.0462773 3.01143
23.7905 0.0458753 3.01172
23.8321 0.0453954 3.01202
23.8734 0.0448431 3.01231
23.914 0.044225 3.01261
23.9539 0.0435492 3.01291
23.9931 0.042825 3.01322
24.0313 0.0420629 3.01353
24.0686 0.0412745 3.01384
24.1049 0.040472 3.01416
24.1401 0.0396678 3.01448
24.1741 0.0388747 3.0148
24.2069 0.0381052 3.01513
24.2386 0.0373706 3.01547
24.2691 0.036681 3.01581
24.2986 0.0360445 3.01615
24.3271 0.0354659 3.0165
24.3548 0.0349466 3.01685
24.382 0.0344827 3.0172
24.4088 0.0340651 3.01755
24.3927 0.0308715 3.00619
24.4195 0.0307711 3.0062
24.4464 0.0306819 3.00622
24.4734 0.0306116 3.00624
24.5006 0.030567 3.00627
24.5279 0.0305542 3.00631
24.5555 0.0305784 3.00636
24.5834 0.030644 3.00642
24.6116 0.0307546 3.0065
24.6402 0.0309127 3.00659
24.6692 0.0311202 3.00669
24.6986 0.0313779 3.00681
24.7285 0.0316857 3.00695
24.7589 0.0320427 3.0071
24.7899 0.0324471 3.00726
24.8214 0.0328961 3.00744
24.8535 0.0333862 3.00763
24.8863 0.033913 3.00784
24.9197 0.0344713 3.00805
24.9537 0.0350554 3.00828
24.9884 0.0356587 3.00853
25.0238 0.036274 3.00878
25.0598 0.0368938 3.00904
25.0965 0.03751 3.00931
25.1339 0.0381142 3.00959
25.1719 0.0386979 3.00988
25.2106 0.0392522 3.01018
25.2498 0.0397686 3.01048
25.2896 0.0402385 3.01078
25.33 0.0406535 3.0111
25.3709 0.0410057 3.01141
25.4122 0.0412879 3.01173
25.4539 0.0414932 3.01205
25.4959 0.0416159 3.01238
25.5382 0.0416509 3.0127
25.5807 0.0415944 3.01303
25.6233 0.0414438 3.01336
25.6659 0.0411976 3.01369
25.7084 0.040856 3.01402
25.7508 0.0404204 3.01436
25.7929 0.0398939 3.01469
25.8346 0.0392811 3.01503
25.8758 0.0385883 3.01536
25.9164 0.0378232 3.0157
25.9564 0.0369951 3.01604
25.9956 0.0361147 3.01639
26.0339 0.0351939 3.01673
26.0712 0.0342457 3.01708
26.1075 0.0332838 3.01744
26.1426 0.0323223 3.01779
26.1767 0.0313755 3.01816
26.2095 0.0304572 3.01852
26.2412 0.0295801 3.01889
26.2717 0.0287553 3.01927
26.3012 0.0279914 3.01965
26.3297 0.0272941 3.02003
26.3574 0.0266642 3.02041
26.3845 0.0260974 3.0208
26.4113 0.0255828 3.02118
26.3944 0.0224389 3.00882
26.4213 0.0223486 3.00883
26.4482 0.0222704 3.00885
26.4752 0.0222125 3.00887
26.5023 0.0221826 3.0089
26.5297 0.0221872 3.00894
26.5572 0.0222322 3.00899
26.5851 0.0223224 3.00906
26.6133 0.0224618 3.00914
26.6419 0.0226533 3.00924
26.6708 0.0228989 3.00935
26.7002 0.0231998 3.00948
26.7301 0.0235558 3.00962
26.7605 0.0239662 3.00979
26.7914 0.0244289 3.00996
26.8229 0.0249412 3.01016
26.855 0.0254993 3.01036
26.8878 0.0260986 3.01059
26.9211 0.0267335 3.01083
26.9551 0.0273977 3.01108
26.9898 0.0280844 3.01134
27.0251 0.0287857 3.01162
27.0611 0.0294935 3.0119
27.0978 0.0301991 3.0122
27.1351 0.0308934 3.0125
27.1731 0.0315672 3.01282
27.2117 0.032211 3.01314
27.251 0.0328153 3.01346
27.2908 0.0333708 3.0138
27.3311 0.0338686 3.01414
27.372 0.0342999 3.01448
27.4133 0.0346567 3.01482
27.455 0.0349318 3.01517
27.497 0.0351186 3.01552
27.5393 0.0352116 3.01587
27.5818 0.0352066 3.01622
27.6244 0.0351006 3.01657
27.6671 0.034892 3.01692
27.7096 0.0345805 3.01727
27.752 0.0341678 3.01762
27.7941 0.033657 3.01798
27.8359 0.0330529 3.01832
27.8772 0.0323621 3.01867
27.9179 0.0315929 3.01902
27.9579 0.0307551 3.01937
27.9971 0.0298601 3.01972
28.0355 0.0289208 3.02007
28.0729 0.0279509 3.02043
28.1092 0.0269652 3.02078
28.1444 0.0259788 3.02113
28.1785 0.0250072 3.02149
28.2114 0.024065 3.02185
28.2431 0.0231662 3.02221
28.2737 0.0223226 3.02257
28.3032 0.0215438 3.02294
28.3317 0.0208355 3.02331
28.3594 0.020199 3.02367
28.3866 0.01963 3.02404
28.4134 0.0191165 3.0244
28.3966 0.01799 3.01141
28.4235 0.0178992 3.01142
28.4504 0.0178208 3.01143
28.4774 0.0177639 3.01145
28.5045 0.0177366 3.01147
28.5319 0.0177461 3.01151
28.5594 0.0177986 3.01156
28.5873 0.0178994 3.01163
28.6155 0.0180528 3.01172
28.644 0.018262 3.01182
28.673 0.0185293 3.01194
28.7024 0.0188558 3.01208
28.7322 0.0192416 3.01224
28.7626 0.0196858 3.01242
28.7935 0.0201864 3.01261
28.825 0.0207404 3.01283
28.857 0.0213438 3.01306
28.8897 0.0219917 3.01331
28.923 0.0226783 3.01358
28.957 0.0233968 3.01386
28.9916 0.0241398 3.01416
29.0269 0.0248991 3.01447
29.0629 0.025666 3.0148
29.0995 0.0264311 3.01513
29.1368 0.0271849 3.01548
29.1748 0.0279173 3.01584
29.2133 0.0286184 3.01621
29.2525 0.0292779 3.01658
29.2923 0.0298861 3.01696
29.3326 0.0304333 3.01735
29.3734 0.0309102 3.01774
29.4147 0.0313084 3.01814
29.4564 0.03162 3.01853
29.4984 0.0318382 3.01893
29.5407 0.0319572 3.01933
29.5831 0.0319725 3.01973
29.6257 0.031881 3.02012
29.6684 0.031681 3.02052
29.7109 0.0313726 3.02091
29.7533 0.0309574 3.0213
29.7955 0.030439 3.02168
29.8373 0.0298228 3.02206
29.8786 0.0291158 3.02244
29.9193 0.0283272 3.02281
29.9594 0.0274675 3.02318
29.9987 0.0265492 3.02354
30.0371 0.0255861 3.02389
30.0745 0.0245931 3.02425
30.1109 0.0235861 3.02459
30.1462 0.0225815 3.02494
30.1803 0.0215958 3.02528
30.2132 0.0206448 3.02561
30.245 0.0197434 3.02594
30.2756 0.018904 3.02627
30.3051 0.018137 3.0266
30.3336 0.0174481 3.02692
30.3613 0.0168386 3.02724
30.3885 0.016303 3.02755
30.4153 0.0158284 3.02786
30.3975 0.0148333 3.01381
30.4244 0.0147562 3.01381
30.4513 0.0146918 3.01383
30.4783 0.0146492 3.01384
30.5054 0.0146367 3.01387
30.5327 0.0146614 3.01391
30.5603 0.0147295 3.01397
30.5881 0.0148463 3.01404
30.6163 0.0150159 3.01414
30.6448 0.0152414 3.01425
30.6738 0.0155247 3.01438
30.7031 0.0158667 3.01453
30.733 0.0162671 3.0147
30.7633 0.0167247 3.01489
30.7942 0.0172369 3.01511
30.8257 0.0178004 3.01534
30.8578 0.0184105 3.0156
30.8904 0.0190619 3.01587
30.9237 0.019748 3.01616
30.9577 0.0204616 3.01647
30.9923 0.0211946 3.0168
31.0276 0.0219382 3.01714
31.0635 0.0226829 3.0175
31.1001 0.023419 3.01787
31.1374 0.0241361 3.01825
31.1754 0.0248238 3.01864
31.214 0.0254714 3.01905
31.2531 0.0260685 3.01946
31.2929 0.0266048 3.01988
31.3332 0.0270703 3.0203
31.3741 0.0274556 3.02073
31.4154 0.0277521 3.02116
31.4571 0.0279521 3.0216
31.4991 0.0280488 3.02203
31.5415 0.0280368 3.02247
31.584 0.027912 3.0229
31.6267 0.0276718 3.02333
31.6694 0.0273155 3.02376
31.712 0.026844 3.02418
31.7545 0.02626 3.0246
31.7967 0.0255683 3.02501
31.8386 0.0247758 3.02541
31.88 0.023891 3.02581
31.9209 0.0229248 3.0262
31.961 0.0218896 3.02658
32.0004 0.0207997 3.02696
32.0389 0.0196708 3.02732
32.0764 0.0185198 3.02768
32.1129 0.0173647 3.02803
32.1483 0.0162234 3.02837
32.1825 0.0151144 3.02871
32.2155 0.0140548 3.02903
32.2473 0.0130607 3.02935
32.278 0.0121455 3.02967
32.3075 0.0113195 3.02997
32.3361 0.0105884 3.03027
32.3638 0.00995207 3.03057
32.391 0.00940311 3.03085
32.4178 0.00892538 3.03113
32.4031 0.00620446 3.01932
32.4369 0.00611134 3.01947
32.4708 0.00604019 3.01965
32.5049 0.00600825 3.01989
32.5392 0.00603029 3.02023
32.574 0.00611853 3.02067
32.6091 0.00628261 3.02126
32.6448 0.0065295 3.022
32.6811 0.00686346 3.02292
32.718 0.00728607 3.02403
32.7556 0.00779624 3.02534
32.794 0.0083902 3.02686
32.8332 0.00906162 3.0286
32.8732 0.0098017 3.03057
32.914 0.0105993 3.03276
32.9557 0.0114413 3.03517
32.9982 0.0123124 3.0378
33.0416 0.013196 3.04063
33.0857 0.0140739 3.04365
33.1306 0.014927 3.04685
33.1762 0.0157359 3.05019
33.2224 0.0164807 3.05365
33.2691 0.017142 3.05719
33.3162 0.0177013 3.06079
33.3635 0.0181411 3.0644
33.411 0.018446 3.06796
33.4583 0.0186028 3.07143
33.5053 0.0186012 3.07475
33.5519 0.018434 3.07787
33.5976 0.0180981 3.0807
33.6424 0.0175942 3.08319
33.6859 0.0169275 3.08526
33.7278 0.0161079 3.08684
33.7679 0.0151499 3.08786
33.8058 0.0140729 3.08823
33.8413 0.0129006 3.08789
33.8741 0.0116606 3.08677
33.9039 0.0103842 3.0848
33.9305 0.00910512 3.08192
33.9537 0.00785822 3.0781
33.9735 0.00667825 3.07329
33.9896 0.00559783 3.06748
34.0023 0.00464493 3.06069
34.0116 0.00384039 3.05293
34.0178 0.00319433 3.04427
34.0213 0.00270212 3.0348
34.0229 0.00234067 3.02466
34.0146 -0.00190368 3.01388
33.9992 -0.00203481 2.9998
34.0343 -0.00204283 2.99981
34.0705 -0.00149669 2.9973
34.1088 -0.000202408 2.98982
34.1499 0.00167489 2.97516
34.1942 0.00364663 2.95161
34.242 0.0049957 2.91813
34.2928 0.00493801 2.87472
34.3453 0.00284145 2.82257
34.3973 -0.00152923 2.76421
34.4455 -0.00780003 2.70344
34.4859 -0.0148978 2.64491
34.5144 -0.021212 2.59312
34.5286 -0.0251763 2.55069
34.5214 -0.0294963 2.5394
34.5077 -0.0299384 2.52615
34.5428 -0.0299046 2.52615
34.579 -0.0291134 2.5234
34.6171 -0.0271876 2.51527
34.6577 -0.0241474 2.49938
34.7013 -0.0203899 2.4739
34.7481 -0.0166087 2.43778
34.7976 -0.0136472 2.39106
34.8486 -0.012289 2.3351
34.8991 -0.0130135 2.27269
34.9459 -0.0157676 2.208
34.9851 -0.0198359 2.14611
35.0127 -0.0239269 2.09191
35.0265 -0.026629 2.04821
35.0169 -0.0296899 2.03572
35.0079 -0.0311886 2.02532
