0.000446014 -0.000183821 0.996572
0.000352742 -0.000256587 0.996518
0.000432649 -0.000327113 0.996464
0.000857006 -0.000393018 0.996408
0.00179465 -0.000451887 0.99635
0.00341152 -0.000501259 0.996289
0.0058702 -0.000538625 0.996226
0.00932941 -0.000561423 0.99616
0.0139434 -0.000567035 0.996092
0.0198615 -0.000552787 0.996023
0.0272273 -0.000515954 0.995952
0.036178 -0.000453764 0.995881
0.0468441 -0.000363406 0.995811
0.0593481 -0.000242048 0.995744
0.0738039 -8.68477e-05 0.995681
0.0903164 0.000105025 0.995623
0.10898 0.000336364 0.995573
0.129879 0.000609902 0.995533
0.153084 0.000928276 0.995505
0.178654 0.001294 0.995491
0.206635 0.00170941 0.995495
0.237058 0.00217664 0.995517
0.269938 0.00269758 0.995561
0.305275 0.00327383 0.99563
0.343051 0.00390661 0.995724
0.38323 0.00459679 0.995848
0.425759 0.00534476 0.996003
0.470565 0.00615044 0.99619
0.517556 0.00701319 0.996412
0.56662 0.00793179 0.99667
0.617625 0.00890439 0.996964
0.670419 0.00992845 0.997296
0.72483 0.0110007 0.997665
0.780667 0.0121173 0.998072
0.83772 0.0132733 0.998514
0.895761 0.0144633 0.998991
0.954544 0.0156811 0.999499
1.01381 0.0169196 1.00004
1.07329 0.018171 1.0006
1.13269 0.019427 1.00119
1.19173 0.0206785 1.00179
1.2501 0.021916 1.00241
1.30752 0.0231294 1.00303
1.36368 0.0243086 1.00365
1.41831 0.0254433 1.00426
1.47114 0.0265233 1.00486
1.52191 0.0275386 1.00544
1.57043 0.0284801 1.00599
1.6165 0.0293394 1.0065
1.65999 0.0301098 1.00697
1.70084 0.0307859 1.00739
1.73903 0.0313647 1.00777
1.77465 0.0318462 1.00809
1.80788 0.0322333 1.00835
1.83899 0.0325333 1.00857
1.86841 0.0327582 1.00873
1.89669 0.0329253 1.00887
1.88986 0.02454 1.00289
1.91632 0.0243734 1.00289
1.94283 0.0242158 1.00288
1.96944 0.0240742 1.00286
1.9962 0.0239556 1.00284
2.02316 0.0238665 1.0028
2.05035 0.0238135 1.00275
2.07783 0.0238028 1.00267
2.10564 0.0238404 1.00258
2.13383 0.0239319 1.00246
2.16242 0.0240829 1.00232
2.19147 0.0242985 1.00215
2.221 0.0245835 1.00195
2.25104 0.0249425 1.00173
2.28164 0.0253794 1.00147
2.31281 0.0258982 1.00118
2.34458 0.026502 1.00085
2.37697 0.0271937 1.00049
2.40999 0.0279757 1.0001
2.44367 0.02885 0.999668
2.478 0.0298178 0.999207
2.513 0.0308799 0.998711
2.54866 0.0320364 0.998184
2.58498 0.033287 0.997626
2.62195 0.0346304 0.997038
2.65955 0.036065 0.996423
2.69776 0.0375881 0.995782
2.73656 0.0391966 0.995118
2.77591 0.0408865 0.994435
2.81578 0.0426529 0.993735
2.85612 0.0444905 0.993021
2.89688 0.0463927 0.992298
2.938 0.0483527 0.99157
2.97943 0.0503624 0.99084
3.02109 0.0524132 0.990113
3.06292 0.0544958 0.989395
3.10483 0.0566001 0.988689
3.14674 0.0587154 0.988001
3.18857 0.0608302 0.987336
3.23022 0.0629328 0.986699
3.2716 0.0650107 0.986096
3.31262 0.0670513 0.98553
3.35317 0.0690417 0.985009
3.39317 0.0709689 0.984535
3.43252 0.0728199 0.984114
3.47113 0.074582 0.983751
3.5089 0.0762428 0.983448
3.54576 0.0777909 0.98321
3.58165 0.0792154 0.983039
3.61649 0.0805069 0.982937
3.65025 0.0816573 0.982906
3.68289 0.0826606 0.982946
3.71442 0.0835128 0.983056
3.74484 0.0842128 0.983235
3.7742 0.0847624 0.98348
3.80258 0.0851672 0.983786
3.83009 0.085437 0.984148
3.85689 0.0855861 0.984557
3.88318 0.0856345 0.985004
3.90922 0.0856083 0.985477
3.89703 0.083014 0.98052
3.9239 0.0828629 0.980464
3.95081 0.0827153 0.980408
3.97783 0.082572 0.980352
4.00501 0.0824338 0.980297
4.03239 0.0823011 0.980244
4.06003 0.0821742 0.980192
4.08796 0.0820533 0.980143
4.11624 0.0819385 0.980096
4.14492 0.0818297 0.980054
4.17402 0.0817268 0.980016
4.20359 0.0816293 0.979984
4.23368 0.0815368 0.979957
4.2643 0.0814489 0.979938
4.29549 0.0813647 0.979927
4.32729 0.0812837 0.979926
4.35971 0.0812049 0.979935
4.39277 0.0811276 0.979955
4.4265 0.0810507 0.979988
4.46091 0.0809733 0.980036
4.49599 0.0808944 0.980099
4.53177 0.0808129 0.980179
4.56823 0.0807278 0.980277
4.60537 0.0806381 0.980394
4.64318 0.0805427 0.980533
4.68163 0.0804408 0.980693
4.72072 0.0803313 0.980877
4.76039 0.0802134 0.981086
4.80063 0.0800865 0.98132
4.84138 0.0799499 0.981581
4.8826 0.079803 0.98187
4.92424 0.0796455 0.982187
4.96622 0.0794772 0.982532
5.00849 0.079298 0.982907
5.05096 0.0791081 0.98331
5.09357 0.0789077 0.983743
5.13623 0.0786975 0.984204
5.17883 0.0784782 0.984693
5.2213 0.0782508 0.98521
5.26354 0.0780164 0.985752
5.30544 0.0777764 0.986319
5.3469 0.0775326 0.986908
5.38782 0.0772866 0.987518
5.4281 0.0770405 0.988146
5.46765 0.0767965 0.988789
5.50636 0.0765567 0.989445
5.54416 0.0763237 0.990111
5.58096 0.0760997 0.990783
5.6167 0.0758872 0.991458
5.65133 0.0756883 0.992133
5.6848 0.0755053 0.992803
5.71712 0.0753399 0.993467
5.74829 0.0751937 0.994121
5.77835 0.0750674 0.994762
5.80739 0.0749615 0.995389
5.8355 0.0748755 0.995999
5.86287 0.0748078 0.996593
5.88969 0.0747557 0.99717
5.91624 0.0747153 0.997733
5.90251 0.0720965 0.991884
5.92937 0.0719723 0.991817
5.95628 0.0718531 0.991748
5.98329 0.0717408 0.991678
6.01046 0.0716369 0.991607
6.03783 0.071543 0.991534
6.06545 0.0714601 0.991459
6.09337 0.0713894 0.991382
6.12163 0.0713315 0.991303
6.15028 0.0712869 0.991222
6.17935 0.0712561 0.991139
6.20889 0.071239 0.991053
6.23893 0.0712356 0.990966
6.26951 0.0712456 0.990878
6.30066 0.0712685 0.990789
6.3324 0.0713034 0.990699
6.36476 0.0713497 0.990608
6.39776 0.0714062 0.990519
6.43142 0.0714717 0.990431
6.46574 0.0715449 0.990345
6.50075 0.0716243 0.990263
6.53644 0.0717083 0.990185
6.5728 0.0717951 0.990113
6.60985 0.0718831 0.990049
6.64755 0.0719704 0.989992
6.68591 0.0720551 0.989945
6.72488 0.0721354 0.98991
6.76445 0.0722095 0.989887
6.80458 0.0722754 0.989879
6.84522 0.0723315 0.989886
6.88633 0.0723761 0.989912
6.92785 0.0724078 0.989956
6.96973 0.0724251 0.990021
7.01189 0.0724268 0.990108
7.05427 0.0724119 0.990218
7.09678 0.0723798 0.990353
7.13934 0.0723299 0.990514
7.18186 0.0722619 0.990702
7.22425 0.0721761 0.990917
7.26641 0.0720726 0.991161
7.30824 0.0719522 0.991433
7.34965 0.071816 0.991734
7.39052 0.0716654 0.992064
7.43075 0.0715018 0.992423
7.47026 0.0713274 0.99281
7.50894 0.0711443 0.993223
7.54672 0.0709551 0.993663
7.5835 0.0707624 0.994128
7.61922 0.070569 0.994615
7.65384 0.0703779 0.995124
7.68731 0.0701917 0.99565
7.71963 0.0700134 0.996194
7.75079 0.0698452 0.996751
7.78086 0.0696894 0.997319
7.80989 0.0695474 0.997895
7.83801 0.06942 0.998476
7.86537 0.0693069 0.99906
7.89219 0.0692068 0.999642
7.91873 0.0691168 1.00022
7.90406 0.0666697 0.993626
7.9309 0.0665587 0.993551
7.9578 0.0664532 0.993476
7.9848 0.0663555 0.9934
8.01195 0.0662675 0.993323
8.0393 0.0661908 0.993245
8.06691 0.066127 0.993168
8.09481 0.0660771 0.993089
8.12306 0.0660419 0.993011
8.15169 0.0660221 0.992932
8.18075 0.0660178 0.992853
8.21027 0.0660292 0.992774
8.24029 0.0660559 0.992695
8.27085 0.0660973 0.992618
8.30198 0.0661528 0.992541
8.3337 0.0662212 0.992466
8.36604 0.0663012 0.992393
8.39902 0.0663914 0.992323
8.43265 0.0664901 0.992257
8.46696 0.0665953 0.992195
8.50194 0.0667051 0.992138
8.53761 0.0668171 0.992088
8.57396 0.0669292 0.992046
8.61099 0.0670388 0.992012
8.64868 0.0671436 0.991988
8.68702 0.067241 0.991976
8.72599 0.0673285 0.991976
8.76555 0.0674039 0.99199
8.80568 0.0674646 0.992019
8.84632 0.0675085 0.992065
8.88744 0.0675335 0.992129
8.92898 0.0675377 0.992213
8.97088 0.0675195 0.992317
9.01306 0.0674776 0.992444
9.05547 0.0674109 0.992593
9.09802 0.0673188 0.992767
9.14062 0.0672009 0.992966
9.1832 0.0670573 0.993191
9.22564 0.0668887 0.993443
9.26786 0.0666959 0.993721
9.30976 0.0664806 0.994027
9.35123 0.0662445 0.99436
9.39218 0.0659901 0.99472
9.4325 0.0657202 0.995107
9.47208 0.0654381 0.99552
9.51085 0.0651474 0.995957
9.54871 0.0648521 0.996419
9.58557 0.0645564 0.996902
9.62138 0.0642645 0.997406
9.65607 0.0639809 0.997929
9.68961 0.06371 0.998467
9.72199 0.0634556 0.99902
9.75322 0.0632214 0.999584
9.78334 0.0630103 1.00016
9.81241 0.0628242 1.00073
9.84057 0.062664 1.00131
9.86796 0.0625288 1.0019
9.89479 0.0624161 1.00247
9.92135 0.0623209 1.00305
9.9062 0.059615 0.995317
9.93303 0.059515 0.995256
9.95991 0.0594209 0.995195
9.98689 0.0593355 0.995133
10.014 0.0592613 0.995071
10.0414 0.0592004 0.995008
10.069 0.0591548 0.994946
10.0969 0.0591257 0.994885
10.1251 0.0591144 0.994824
10.1537 0.0591216 0.994764
10.1827 0.0591477 0.994705
10.2122 0.0591927 0.994647
10.2422 0.0592563 0.994591
10.2728 0.059338 0.994536
10.3039 0.0594368 0.994483
10.3356 0.0595513 0.994433
10.3679 0.0596801 0.994387
10.4009 0.0598213 0.994343
10.4345 0.0599727 0.994305
10.4688 0.0601319 0.994271
10.5038 0.0602964 0.994244
10.5394 0.0604634 0.994223
10.5757 0.0606299 0.99421
10.6128 0.0607929 0.994207
10.6504 0.0609492 0.994213
10.6888 0.0610957 0.994231
10.7277 0.0612292 0.994261
10.7673 0.0613465 0.994305
10.8074 0.0614447 0.994364
10.8481 0.0615208 0.994439
10.8892 0.0615722 0.994532
10.9308 0.0615964 0.994644
10.9727 0.0615914 0.994776
11.0149 0.0615553 0.994929
11.0574 0.0614867 0.995104
11.1 0.0613847 0.995303
11.1426 0.061249 0.995525
11.1853 0.0610795 0.995773
11.2278 0.0608769 0.996046
11.2701 0.0606425 0.996345
11.312 0.060378 0.996671
11.3536 0.0600859 0.997022
11.3946 0.0597692 0.997399
11.435 0.0594316 0.997802
11.4747 0.0590771 0.99823
11.5136 0.0587104 0.998682
11.5515 0.0583366 0.999156
11.5884 0.057961 0.999653
11.6243 0.0575892 1.00017
11.6591 0.0572269 1.0007
11.6927 0.0568796 1.00125
11.7252 0.0565525 1.00181
11.7564 0.0562504 1.00239
11.7866 0.0559769 1.00297
11.8157 0.0557348 1.00356
11.8439 0.0555252 1.00415
11.8713 0.0553473 1.00474
11.8981 0.055198 1.00532
11.9247 0.055071 1.0059
11.9087 0.0525374 0.997352
11.9355 0.0524501 0.99728
11.9624 0.0523695 0.997207
11.9894 0.0522989 0.997134
12.0165 0.0522415 0.997062
12.0438 0.0521997 0.996991
12.0714 0.052176 0.996922
12.0992 0.0521719 0.996856
12.1274 0.052189 0.996792
12.156 0.0522282 0.996732
12.1851 0.05229 0.996675
12.2145 0.0523746 0.996622
12.2445 0.0524816 0.996573
12.275 0.0526105 0.996529
12.3061 0.0527599 0.99649
12.3378 0.0529285 0.996457
12.37 0.0531144 0.99643
12.403 0.0533154 0.99641
12.4365 0.0535288 0.996398
12.4708 0.0537519 0.996393
12.5057 0.0539814 0.996398
12.5413 0.0542141 0.996412
12.5776 0.0544464 0.996438
12.6146 0.0546744 0.996475
12.6522 0.0548945 0.996525
12.6905 0.0551026 0.996588
12.7295 0.0552949 0.996667
12.769 0.0554676 0.996761
12.8091 0.0556169 0.996873
12.8497 0.0557393 0.997003
12.8908 0.0558314 0.997151
12.9324 0.0558902 0.99732
12.9743 0.0559131 0.99751
13.0165 0.0558978 0.997722
13.0589 0.0558425 0.997957
13.1015 0.0557461 0.998216
13.1442 0.0556079 0.998498
13.1868 0.0554279 0.998805
13.2294 0.0552069 0.999137
13.2717 0.0549462 0.999493
13.3137 0.0546481 0.999875
13.3553 0.0543153 1.00028
13.3963 0.0539515 1.00071
13.4368 0.0535611 1.00117
13.4765 0.053149 1.00164
13.5154 0.0527208 1.00214
13.5534 0.0522827 1.00266
13.5905 0.0518412 1.00319
13.6264 0.0514031 1.00375
13.6612 0.0509754 1.00431
13.6949 0.0505647 1.00489
13.7274 0.0501775 1.00548
13.7587 0.0498195 1.00608
13.7889 0.0494955 1.00668
13.8181 0.0492088 1.00728
13.8463 0.048961 1.00789
13.8737 0.0487513 1.00848
13.9006 0.0485759 1.00908
13.9272 0.0484275 1.00966
13.9117 0.0466592 1.00074
13.9385 0.0465721 1.00064
13.9654 0.0464922 1.00055
13.9923 0.0464233 1.00046
14.0195 0.0463688 1.00036
14.0468 0.0463318 1.00027
14.0743 0.0463147 1.00019
14.1022 0.0463196 1.00011
14.1304 0.046348 1.00003
14.1589 0.0464009 0.999957
14.1879 0.046479 0.99989
14.2173 0.0465824 0.999828
14.2473 0.0467105 0.999773
14.2777 0.0468626 0.999724
14.3088 0.0470372 0.999683
14.3404 0.0472326 0.999649
14.3726 0.0474465 0.999623
14.4054 0.0476762 0.999606
14.4389 0.0479188 0.999599
14.4731 0.0481707 0.999601
14.5079 0.0484283 0.999615
14.5434 0.0486877 0.999639
14.5796 0.0489445 0.999677
14.6164 0.0491944 0.999727
14.6539 0.0494328 0.999792
14.6921 0.0496553 0.999871
14.7309 0.0498571 0.999967
14.7703 0.0500339 1.00008
14.8103 0.0501813 1.00021
14.8507 0.0502951 1.00036
14.8917 0.0503715 1.00053
14.9331 0.050407 1.00072
14.9749 0.0503986 1.00093
15.017 0.0503437 1.00116
15.0593 0.0502405 1.00142
15.1017 0.0500876 1.0017
15.1443 0.0498845 1.002
15.1868 0.0496315 1.00233
15.2292 0.0493295 1.00268
15.2714 0.0489805 1.00306
15.3134 0.0485872 1.00346
15.3549 0.0481532 1.00389
15.3959 0.0476832 1.00434
15.4362 0.0471825 1.00481
15.4759 0.0466573 1.0053
15.5148 0.0461144 1.00582
15.5528 0.0455615 1.00635
15.5897 0.0450064 1.0069
15.6257 0.0444574 1.00747
15.6605 0.043923 1.00805
15.6942 0.0434113 1.00864
15.7267 0.04293 1.00924
15.758 0.042486 1.00985
15.7882 0.0420851 1.01046
15.8174 0.041731 1.01107
15.8456 0.0414254 1.01168
15.8731 0.0411673 1.01229
15.9 0.0409518 1.01289
15.9266 0.0407699 1.01348
15.9121 0.0404957 1.0039
15.9389 0.040409 1.0038
15.9657 0.0403296 1.0037
15.9927 0.0402616 1.0036
16.0198 0.0402087 1.0035
16.0471 0.0401743 1.00341
16.0747 0.0401608 1.00332
16.1025 0.0401705 1.00324
16.1307 0.040205 1.00316
16.1593 0.0402652 1.00309
16.1882 0.0403516 1.00302
16.2176 0.0404643 1.00297
16.2475 0.0406026 1.00292
16.2779 0.0407653 1.00288
16.3089 0.0409507 1.00284
16.3404 0.0411567 1.00282
16.3726 0.0413806 1.0028
16.4053 0.0416192 1.0028
16.4387 0.0418689 1.0028
16.4728 0.0421259 1.00282
16.5075 0.0423858 1.00285
16.5429 0.0426439 1.00289
16.579 0.0428955 1.00294
16.6157 0.0431356 1.00301
16.6531 0.0433589 1.00308
16.6911 0.0435602 1.00318
16.7297 0.0437346 1.00329
16.769 0.0438768 1.00341
16.8088 0.043982 1.00356
16.8491 0.0440457 1.00372
16.8899 0.0440637 1.00389
16.9312 0.0440321 1.00409
16.9728 0.0439479 1.00431
17.0147 0.0438085 1.00454
17.0568 0.0436118 1.0048
17.0992 0.043357 1.00508
17.1415 0.0430437 1.00538
17.1839 0.0426726 1.0057
17.2262 0.0422454 1.00604
17.2683 0.0417649 1.0064
17.3101 0.0412346 1.00678
17.3515 0.0406593 1.00719
17.3924 0.0400449 1.00761
17.4327 0.039398 1.00806
17.4723 0.0387263 1.00852
17.5112 0.0380383 1.009
17.5491 0.0373432 1.00949
17.586 0.0366506 1.01
17.6219 0.0359704 1.01052
17.6567 0.0353128 1.01105
17.6904 0.0346875 1.01159
17.7229 0.0341035 1.01214
17.7543 0.0335689 1.01269
17.7845 0.0330902 1.01325
17.8137 0.0326718 1.0138
17.842 0.032315 1.01435
17.8695 0.0320182 1.01489
17.8964 0.0317748 1.01542
17.9231 0.0315734 1.01595
17.9185 0.0284763 1.00681
17.9525 0.0284264 1.00693
17.9867 0.0283852 1.00693
18.021 0.0283588 1.00671
18.0555 0.028352 1.00616
18.0904 0.0283679 1.00518
18.1257 0.0284087 1.00366
18.1615 0.0284749 1.00152
18.1978 0.0285659 0.998669
18.2348 0.02868 0.995032
18.2724 0.0288142 0.990539
18.3106 0.0289644 0.98513
18.3496 0.0291256 0.978758
18.3893 0.0292918 0.971385
18.4298 0.0294562 0.962991
18.471 0.0296115 0.953566
18.513 0.0297496 0.943119
18.5557 0.0298622 0.931676
18.599 0.0299407 0.91928
18.643 0.0299766 0.905995
18.6874 0.0299613 0.891905
18.7324 0.0298868 0.877117
18.7777 0.0297455 0.861758
18.8232 0.0295307 0.845981
18.8688 0.0292367 0.829962
18.9143 0.0288589 0.813899
18.9596 0.0283943 0.798015
19.0045 0.0278412 0.782557
19.0486 0.0272002 0.767791
19.092 0.0264733 0.754006
19.1342 0.025665 0.741507
19.175 0.0247816 0.730613
19.2142 0.0238318 0.721659
19.2516 0.0228262 0.714981
19.2868 0.0217778 0.710919
19.3196 0.020701 0.709807
19.3498 0.019612 0.711964
19.3772 0.0185282 0.717687
19.4016 0.0174675 0.72724
19.4228 0.016448 0.740839
19.4408 0.0154867 0.758641
19.4555 0.0145991 0.780725
19.4669 0.0137976 0.807078
19.4754 0.0130901 0.837569
19.481 0.0124789 0.871932
19.4843 0.011958 0.909734
19.4859 0.0115117 0.950353
19.4773 0.00661394 0.942119
19.4667 0.00298306 0.935896
19.485 0.00287378 0.936581
19.5035 0.00288151 0.939434
19.5222 0.00309279 0.946552
19.5414 0.00356768 0.959921
19.5611 0.00434001 0.98139
19.5815 0.00541803 1.01263
19.6028 0.00678582 1.0551
19.6252 0.00840524 1.10997
19.6488 0.0102188 1.17812
19.6738 0.012153 1.26004
19.7003 0.0141229 1.35578
19.7286 0.0160371 1.46491
19.7588 0.017803 1.58647
19.7911 0.0193332 1.71892
19.8257 0.0205513 1.86011
19.8626 0.0213982 2.0073
19.9019 0.0218377 2.15717
19.9436 0.0218606 2.30589
19.9877 0.0214885 2.44923
20.0341 0.0207743 2.58275
20.0827 0.0198008 2.70204
20.1332 0.0186748 2.80308
20.1855 0.0175173 2.88265
20.2394 0.016448 2.93895
20.2947 0.0155625 2.97229
20.3515 0.0149024 2.98598
20.3383 0.0123752 2.97625
20.3644 0.0122678 2.97634
20.3905 0.012169 2.97643
20.4167 0.0120862 2.97653
20.443 0.0120262 2.97663
20.4696 0.0119951 2.97676
20.4964 0.0119984 2.9769
20.5234 0.0120411 2.97705
20.5508 0.0121274 2.97723
20.5785 0.0122607 2.97744
20.6066 0.0124439 2.97766
20.6351 0.0126791 2.97792
20.6641 0.0129677 2.9782
20.6936 0.0133105 2.97851
20.7237 0.0137072 2.97885
20.7543 0.0141573 2.97922
20.7854 0.0146593 2.97962
20.8172 0.015211 2.98005
20.8496 0.0158097 2.98052
20.8826 0.0164518 2.98102
20.9163 0.0171334 2.98155
20.9506 0.0178498 2.98211
20.9856 0.0185958 2.9827
21.0213 0.0193659 2.98332
21.0576 0.020154 2.98398
21.0946 0.0209538 2.98466
21.1322 0.0217584 2.98537
21.1704 0.0225611 2.9861
21.2092 0.0233547 2.98686
21.2486 0.0241324 2.98764
21.2885 0.0248869 2.98844
21.3289 0.0256114 2.98926
21.3697 0.0262992 2.9901
21.4109 0.0269441 2.99095
21.4524 0.0275399 2.9918
21.4942 0.0280814 2.99267
21.5362 0.0285638 2.99354
21.5782 0.0289828 2.99441
21.6203 0.0293352 2.99527
21.6624 0.0296186 2.99613
21.7043 0.0298314 2.99698
21.7459 0.0299731 2.99781
21.7873 0.0300443 2.99862
21.8281 0.0300466 2.99941
21.8685 0.0299827 3.00017
21.9082 0.0298565 3.0009
21.9472 0.0296728 3.00159
21.9854 0.0294376 3.00225
22.0227 0.0291577 3.00286
22.059 0.0288408 3.00342
22.0942 0.0284953 3.00394
22.1284 0.02813 3.00441
22.1614 0.027754 3.00482
22.1934 0.0273764 3.00517
22.2241 0.027006 3.00547
22.2538 0.0266505 3.00572
22.2825 0.0263169 3.00591
22.3103 0.0260101 3.00605
22.3373 0.0257328 3.00614
22.3638 0.0254847 3.00619
22.39 0.0252616 3.00621
22.3786 0.0221718 2.99632
22.4051 0.0220791 2.9964
22.4317 0.0219952 2.99648
22.4583 0.0219268 2.99657
22.4851 0.0218802 2.99666
22.512 0.0218608 2.99676
22.5392 0.0218733 2.99688
22.5667 0.0219216 2.997
22.5944 0.022009 2.99713
22.6225 0.022138 2.99728
22.651 0.0223103 2.99744
22.6799 0.0225268 2.99761
22.7093 0.0227878 2.99779
22.7391 0.0230925 2.99799
22.7694 0.0234397 2.9982
22.8003 0.0238271 2.99842
22.8318 0.0242519 2.99866
22.8638 0.0247105 2.9989
22.8964 0.0251987 2.99916
22.9296 0.0257116 2.99942
22.9634 0.0262437 2.9997
22.9979 0.0267892 2.99998
23.033 0.0273414 3.00027
23.0688 0.0278937 3.00057
23.1051 0.0284389 3.00087
23.1421 0.0289697 3.00118
23.1797 0.0294785 3.00149
23.2179 0.029958 3.00181
23.2566 0.0304007 3.00212
23.2959 0.0307994 3.00244
23.3356 0.0311471 3.00276
23.3758 0.0314375 3.00308
23.4163 0.0316644 3.00339
23.4572 0.0318227 3.0037
23.4984 0.0319078 3.00401
23.5398 0.031916 3.00432
23.5814 0.0318447 3.00462
23.623 0.0316922 3.00491
23.6646 0.0314581 3.0052
23.706 0.0311434 3.00548
23.7473 0.03075 3.00575
23.7883 0.0302814 3.00601
23.8289 0.0297426 3.00627
23.869 0.0291397 3.00652
23.9085 0.0284802 3.00676
23.9474 0.027773 3.00699
23.9855 0.0270278 3.00721
24.0227 0.0262558 3.00742
24.059 0.0254686 3.00763
24.0943 0.0246785 3.00782
24.1286 0.023898 3.00801
24.1618 0.0231398 3.00819
24.1939 0.0224157 3.00836
24.2249 0.0217365 3.00853
24.2548 0.0211116 3.00868
24.2838 0.020548 3.00884
24.3118 0.0200495 3.00898
24.3391 0.0196162 3.00912
24.3659 0.0192429 3.00925
24.3925 0.0189186 3.00938
24.3804 0.0158909 2.99848
24.4069 0.0158081 2.99856
24.4334 0.0157347 2.99864
24.46 0.0156778 2.99873
24.4868 0.0156441 2.99883
24.5138 0.0156393 2.99893
24.5409 0.0156685 2.99905
24.5684 0.0157359 2.99918
24.5961 0.0158449 2.99932
24.6242 0.0159981 2.99947
24.6527 0.0161974 2.99964
24.6816 0.0164436 2.99982
24.7109 0.0167369 3.00002
24.7407 0.0170765 3.00024
24.771 0.0174609 3.00046
24.8019 0.0178877 3.00071
24.8333 0.0183536 3.00096
24.8653 0.0188549 3.00123
24.8978 0.0193867 3.00151
24.931 0.0199439 3.0018
24.9648 0.0205204 3.00211
24.9993 0.0211097 3.00242
25.0344 0.0217049 3.00274
25.0701 0.0222985 3.00308
25.1064 0.0228828 3.00341
25.1434 0.0234498 3.00376
25.181 0.0239916 3.00411
25.2191 0.0244999 3.00446
25.2578 0.0249668 3.00482
25.297 0.0253846 3.00518
25.3368 0.0257458 3.00554
25.3769 0.0260434 3.00589
25.4175 0.0262712 3.00625
25.4584 0.0264235 3.0066
25.4996 0.0264955 3.00695
25.541 0.0264835 3.0073
25.5826 0.0263847 3.00764
25.6242 0.0261976 3.00797
25.6658 0.0259221 3.00829
25.7073 0.0255591 3.00861
25.7487 0.0251115 3.00891
25.7897 0.024583 3.00921
25.8304 0.0239795 3.0095
25.8705 0.0233077 3.00977
25.9101 0.0225763 3.01004
25.949 0.021795 3.01029
25.9872 0.020975 3.01053
26.0245 0.0201284 3.01075
26.0609 0.0192682 3.01097
26.0963 0.018408 3.01117
26.1306 0.0175618 3.01137
26.1639 0.0167431 3.01155
26.196 0.0159652 3.01172
26.227 0.0152398 3.01188
26.257 0.014577 3.01203
26.286 0.0139842 3.01217
26.3141 0.0134656 3.0123
26.3414 0.0130205 3.01242
26.3682 0.0126432 3.01254
26.3947 0.0123209 3.01265
26.3816 0.00938281 3.00079
26.4081 0.00930727 3.00087
26.4346 0.00924182 3.00095
26.4613 0.00919434 3.00104
26.488 0.00917194 3.00113
26.515 0.00918091 3.00124
26.5421 0.00922673 3.00136
26.5696 0.00931402 3.00149
26.5973 0.00944655 3.00163
26.6254 0.00962719 3.00179
26.6538 0.00985792 3.00197
26.6827 0.0101398 3.00217
26.712 0.010473 3.00238
26.7418 0.0108568 3.0026
26.7721 0.0112895 3.00285
26.803 0.0117686 3.00311
26.8344 0.0122907 3.00338
26.8663 0.0128517 3.00368
26.8989 0.0134465 3.00398
26.9321 0.0140694 3.0043
26.9659 0.014714 3.00464
27.0004 0.0153733 3.00498
27.0354 0.0160397 3.00534
27.0711 0.0167053 3.0057
27.1075 0.0173617 3.00608
27.1445 0.0180004 3.00646
27.1821 0.0186125 3.00685
27.2202 0.0191894 3.00724
27.2589 0.0197224 3.00764
27.2982 0.0202031 3.00804
27.338 0.0206235 3.00844
27.3782 0.0209759 3.00885
27.4188 0.0212536 3.00925
27.4598 0.0214503 3.00964
27.501 0.0215609 3.01004
27.5425 0.0215812 3.01043
27.5842 0.0215082 3.01081
27.6259 0.0213403 3.01118
27.6676 0.021077 3.01155
27.7092 0.0207197 3.0119
27.7506 0.0202709 3.01225
27.7917 0.0197349 3.01258
27.8325 0.0191178 3.0129
27.8728 0.0184269 3.01321
27.9125 0.0176713 3.0135
27.9515 0.0168616 3.01378
27.9898 0.0160098 3.01404
28.0272 0.0151287 3.01429
28.0637 0.0142325 3.01453
28.0992 0.0133357 3.01475
28.1336 0.0124534 3.01495
28.1669 0.0116002 3.01514
28.1991 0.0107903 3.01532
28.2302 0.0100363 3.01548
28.2602 0.00934935 3.01563
28.2892 0.00873724 3.01577
28.3173 0.00820446 3.0159
28.3447 0.00775051 3.01601
28.3715 0.00736904 3.01612
28.398 0.00704658 3.01621
28.3824 0.00446805 3.00314
28.4088 0.00439908 3.00322
28.4354 0.00434126 3.00331
28.462 0.00430315 3.0034
28.4887 0.00429248 3.00351
28.5156 0.00431614 3.00362
28.5428 0.0043801 3.00376
28.5702 0.00448945 3.00391
28.5979 0.00464832 3.00408
28.626 0.00485992 3.00427
28.6545 0.00512645 3.00448
28.6834 0.00544918 3.00471
28.7127 0.00582836 3.00497
28.7426 0.0062633 3.00525
28.7729 0.00675231 3.00555
28.8038 0.00729275 3.00588
28.8353 0.00788106 3.00623
28.8673 0.00851279 3.0066
28.9 0.00918263 3.00699
28.9333 0.00988447 3.00741
28.9672 0.0106115 3.00784
29.0017 0.0113561 3.0083
29.037 0.0121102 3.00877
29.0728 0.0128653 3.00926
29.1093 0.0136123 3.00977
29.1465 0.014342 3.01029
29.1843 0.015045 3.01082
29.2226 0.0157116 3.01136
29.2616 0.0163326 3.01192
29.3011 0.0168988 3.01248
29.3411 0.0174013 3.01305
29.3815 0.0178319 3.01362
29.4224 0.0181831 3.01419
29.4637 0.0184479 3.01477
29.5052 0.0186205 3.01534
29.547 0.0186963 3.01591
29.589 0.0186717 3.01647
29.631 0.0185445 3.01703
29.673 0.0183141 3.01757
29.715 0.0179815 3.01811
29.7567 0.0175491 3.01863
29.7982 0.0170211 3.01913
29.8393 0.0164036 3.01962
29.8799 0.0157043 3.02009
29.9199 0.0149323 3.02054
29.9592 0.0140988 3.02097
29.9977 0.0132162 3.02137
30.0354 0.012298 3.02175
30.0721 0.011359 3.02211
30.1078 0.0104147 3.02244
30.1424 0.00948077 3.02274
30.1759 0.008573 3.02302
30.2082 0.00770637 3.02328
30.2394 0.00689465 3.02351
30.2695 0.0061495 3.02371
30.2985 0.0054799 3.0239
30.3266 0.00489068 3.02406
30.3539 0.00438213 3.0242
30.3807 0.00394791 3.02432
30.4071 0.00357443 3.02443
30.3892 0.00068745 3.00987
30.4161 0.000629829 3.00991
30.443 0.000585346 3.00996
30.47 0.000563757 3.01002
30.4972 0.000573862 3.01009
30.5245 0.000623476 3.01017
30.5521 0.000719396 3.01027
30.58 0.000867374 3.01039
30.6082 0.00107209 3.01052
30.6368 0.00133711 3.01068
30.6657 0.00166493 3.01086
30.6951 0.00205687 3.01106
30.725 0.00251315 3.01128
30.7554 0.00303286 3.01153
30.7864 0.00361396 3.0118
30.8179 0.00425332 3.01209
30.85 0.00494674 3.0124
30.8827 0.005689 3.01274
30.9161 0.00647388 3.0131
30.9501 0.00729428 3.01347
30.9848 0.00814222 3.01387
31.0201 0.009009 3.01429
31.0561 0.00988522 3.01472
31.0928 0.010761 3.01516
31.1302 0.0116259 3.01563
31.1682 0.0124693 3.0161
31.2069 0.0132803 3.01659
31.2462 0.0140482 3.01708
31.2861 0.0147622 3.01758
31.3265 0.015412 3.01809
31.3674 0.0159875 3.01861
31.4088 0.0164796 3.01913
31.4506 0.0168798 3.01965
31.4928 0.0171806 3.02016
31.5353 0.0173757 3.02068
31.5779 0.0174601 3.02119
31.6207 0.0174303 3.0217
31.6635 0.0172844 3.0222
31.7063 0.0170222 3.0227
31.7489 0.0166454 3.02318
31.7913 0.0161575 3.02365
31.8332 0.0155641 3.02411
31.8748 0.0148727 3.02456
31.9157 0.0140927 3.02499
31.956 0.0132354 3.02541
31.9955 0.0123138 3.02581
32.0341 0.0113427 3.02619
32.0718 0.0103377 3.02656
32.1083 0.00931591 3.02691
32.1438 0.00829467 3.02724
32.1781 0.00729153 3.02756
32.2112 0.00632337 3.02786
32.2431 0.00540611 3.02814
32.2739 0.00455332 3.0284
32.3035 0.00377584 3.02865
32.3322 0.00308025 3.02889
32.36 0.00246781 3.02911
32.3872 0.00193322 3.02932
32.4141 0.00146282 3.02952
32.3994 -0.00117794 3.01776
32.4332 -0.00126668 3.01792
32.4671 -0.00133217 3.01811
32.5012 -0.00135584 3.01836
32.5356 -0.00132162 3.0187
32.5703 -0.00121603 3.01916
32.6055 -0.00102824 3.01976
32.6412 -0.000750136 3.02051
32.6775 -0.00037633 3.02144
32.7144 9.57856e-05 3.02256
32.7521 0.000666058 3.02389
32.7905 0.0013316 3.02543
32.8297 0.00208686 3.0272
32.8698 0.00292372 3.02919
32.9107 0.00383162 3.0314
32.9524 0.00479776 3.03384
32.995 0.00580729 3.0365
33.0385 0.0068436 3.03936
33.0827 0.00788861 3.04241
33.1277 0.00892309 3.04564
33.1734 0.00992709 3.04901
33.2197 0.0108803 3.05251
33.2665 0.0117626 3.0561
33.3137 0.0125544 3.05974
33.3612 0.0132373 3.06338
33.4087 0.0137944 3.06699
33.4562 0.014211 3.0705
33.5034 0.014475 3.07387
33.5501 0.0145774 3.07702
33.596 0.0145128 3.0799
33.6409 0.0142797 3.08243
33.6845 0.0138809 3.08455
33.7266 0.0133237 3.08617
33.7668 0.0126202 3.08722
33.8048 0.0117868 3.08762
33.8405 0.0108447 3.08732
33.8734 0.00981909 3.08622
33.9033 0.0087388 3.08427
33.93 0.0076353 3.08141
33.9533 0.00654176 3.0776
33.9731 0.00549152 3.0728
33.9894 0.00451645 3.067
34.0021 0.00364426 3.0602
34.0114 0.00289679 3.05243
34.0176 0.00228578 3.04375
34.0212 0.00181001 3.03427
34.0228 0.00145054 3.02411
34.0145 -0.00280634 3.01333
33.9991 -0.0028545 2.99921
34.0342 -0.00286433 2.99922
34.0704 -0.00231365 2.99671
34.1087 -0.00100223 2.98925
34.1498 0.000910091 2.97462
34.1942 0.00293843 2.95111
34.242 0.00436715 2.91769
34.2927 0.00441075 2.87435
34.3453 0.00243223 2.82228
34.3973 -0.00181223 2.764
34.4456 -0.00796042 2.70331
34.486 -0.014953 2.64484
34.5145 -0.0211918 2.5931
34.5288 -0.0251176 2.55068
34.5215 -0.0294372 2.53939
34.508 -0.0296475 2.52627
34.5432 -0.0296103 2.52624
34.5793 -0.0288226 2.5235
34.6174 -0.026911 2.51542
34.6579 -0.0238965 2.49965
34.7015 -0.0201743 2.47436
34.7482 -0.0164349 2.43851
34.7975 -0.0135167 2.39211
34.8484 -0.0121982 2.33648
34.8987 -0.0129536 2.2744
34.9454 -0.0157263 2.20998
34.9843 -0.0197991 2.14824
35.0117 -0.0238802 2.09404
35.0254 -0.0265611 2.05017
35.016 -0.0285336 2.03749
35.007 -0.0293819 2.02667
