0.00320985 -0.00290161 0.993096
0.00309619 -0.00302391 0.993121
0.00326841 -0.00313169 0.993144
0.00400779 -0.00320888 0.993162
0.00559 -0.00323964 0.993174
0.00828375 -0.00320838 0.993177
0.0123493 -0.00309982 0.99317
0.0180366 -0.00289908 0.993152
0.0255839 -0.00259176 0.993123
0.0352154 -0.00216402 0.993084
0.0471394 -0.00160279 0.993035
0.0615461 -0.000895847 0.992976
0.0786048 -3.20477e-05 0.992911
0.0984624 0.000998487 0.992841
0.12124 0.00220415 0.992768
0.147031 0.0035916 0.992695
0.175898 0.0051655 0.992625
0.20787 0.00692829 0.992561
0.242944 0.00887986 0.992506
0.281075 0.0110173 0.992464
0.322182 0.0133347 0.992436
0.366142 0.0158228 0.992426
0.41279 0.018469 0.992435
0.46192 0.0212567 0.992465
0.513283 0.0241659 0.992518
0.566588 0.0271726 0.992593
0.621507 0.0302491 0.992689
0.677673 0.033364 0.992805
0.734692 0.0364827 0.992938
0.79214 0.0395677 0.993084
0.849578 0.0425791 0.993237
0.906559 0.0454759 0.993393
0.962638 0.0482162 0.993544
1.01739 0.0507594 0.993683
1.07043 0.0530673 0.993802
1.12141 0.0551062 0.993892
1.17009 0.056849 0.993947
1.2163 0.0582784 0.99396
1.26005 0.0593896 0.993926
1.30149 0.0601942 0.993843
1.34099 0.0607246 0.993715
1.37918 0.0610385 0.993549
1.37648 0.0547883 0.991069
1.40296 0.0546076 0.991061
1.42949 0.0544305 0.991053
1.45613 0.0542593 0.991041
1.48291 0.0540965 0.991026
1.50989 0.0539441 0.991005
1.53712 0.0538043 0.990978
1.56463 0.0536791 0.990942
1.59248 0.0535705 0.990898
1.6207 0.0534801 0.990844
1.64934 0.0534098 0.990779
1.67844 0.0533611 0.990703
1.70802 0.0533356 0.990615
1.73813 0.0533346 0.990514
1.76879 0.0533595 0.990401
1.80004 0.0534115 0.990275
1.83189 0.0534916 0.990136
1.86436 0.0536007 0.989985
1.89748 0.0537398 0.989821
1.93125 0.0539093 0.989646
1.96569 0.0541099 0.989459
2.0008 0.0543418 0.989262
2.03659 0.0546054 0.989056
2.07303 0.0549006 0.988842
2.11013 0.0552272 0.98862
2.14787 0.055585 0.988393
2.18623 0.0559732 0.988162
2.22519 0.0563912 0.987929
2.2647 0.0568379 0.987695
2.30473 0.0573121 0.987463
2.34524 0.0578124 0.987234
2.38618 0.0583371 0.98701
2.42749 0.0588842 0.986794
2.4691 0.0594515 0.986587
2.51096 0.0600366 0.986391
2.55298 0.0606369 0.98621
2.5951 0.0612494 0.986044
2.63722 0.061871 0.985895
2.67925 0.0624985 0.985767
2.72111 0.0631281 0.98566
2.76271 0.0637563 0.985576
2.80394 0.0643793 0.985517
2.84472 0.0649929 0.985483
2.88493 0.0655933 0.985477
2.9245 0.0661763 0.985499
2.96332 0.0667379 0.985549
3.00131 0.0672741 0.985628
3.03839 0.0677812 0.985736
3.07449 0.0682556 0.985872
3.10955 0.0686939 0.986037
3.14352 0.0690935 0.986228
3.17637 0.0694519 0.986444
3.20811 0.0697674 0.986685
3.23873 0.0700393 0.986947
3.2683 0.0702676 0.987229
3.29688 0.0704534 0.987528
3.32459 0.0705991 0.987841
3.35158 0.0707086 0.988164
3.37807 0.0707874 0.988495
3.4043 0.0708431 0.98883
3.39692 0.0681545 0.984533
3.42386 0.0680046 0.984494
3.45086 0.0678579 0.984455
3.47796 0.0677157 0.984415
3.5052 0.0675793 0.984375
3.53265 0.0674496 0.984333
3.56034 0.0673277 0.984291
3.58832 0.0672141 0.984247
3.61664 0.0671097 0.984203
3.64534 0.0670147 0.984157
3.67445 0.0669297 0.984111
3.70402 0.0668547 0.984064
3.73407 0.06679 0.984017
3.76465 0.0667356 0.98397
3.79579 0.0666912 0.983924
3.8275 0.0666567 0.983879
3.85982 0.0666318 0.983836
3.89277 0.0666161 0.983796
3.92635 0.066609 0.98376
3.96059 0.06661 0.983729
3.99548 0.0666185 0.983703
4.03104 0.0666337 0.983684
4.06726 0.066655 0.983673
4.10414 0.0666815 0.983671
4.14166 0.0667124 0.983679
4.1798 0.0667469 0.983699
4.21855 0.0667842 0.983732
4.25787 0.0668233 0.983778
4.29773 0.0668636 0.98384
4.33808 0.0669041 0.983918
4.37889 0.0669442 0.984013
4.42008 0.0669831 0.984127
4.46162 0.0670203 0.98426
4.50343 0.067055 0.984413
4.54543 0.0670869 0.984587
4.58756 0.0671156 0.984782
4.62973 0.0671409 0.984998
4.67185 0.0671625 0.985236
4.71384 0.0671805 0.985495
4.75559 0.0671949 0.985776
4.79702 0.0672061 0.986076
4.83803 0.0672144 0.986397
4.87851 0.0672203 0.986736
4.91837 0.0672245 0.987092
4.95752 0.0672278 0.987464
4.99587 0.067231 0.98785
5.03333 0.0672352 0.988248
5.06983 0.0672414 0.988655
5.1053 0.0672506 0.98907
5.13971 0.067264 0.98949
5.173 0.0672827 0.989912
5.20519 0.0673077 0.990335
5.23627 0.0673397 0.990755
5.26629 0.0673795 0.99117
5.29532 0.0674274 0.991579
5.32348 0.0674834 0.991979
5.35092 0.0675469 0.99237
5.37786 0.0676168 0.992752
5.40454 0.0676914 0.993125
5.40193 0.0639196 0.992318
5.43592 0.0637711 0.992393
5.47001 0.0636253 0.99238
5.50429 0.0634828 0.992194
5.53886 0.063344 0.991751
5.5738 0.0632088 0.990971
5.6092 0.0630769 0.989779
5.64512 0.0629476 0.988105
5.68164 0.0628203 0.985882
5.71882 0.0626939 0.983051
5.75671 0.0625674 0.979559
5.79536 0.0624395 0.975362
5.8348 0.062309 0.970424
5.87506 0.0621745 0.964717
5.91614 0.0620347 0.958225
5.95806 0.0618882 0.950943
6.00079 0.0617338 0.942878
6.0443 0.0615701 0.934051
6.08856 0.0613958 0.924496
6.13349 0.0612098 0.914264
6.17904 0.0610109 0.903419
6.22509 0.060798 0.892045
6.27154 0.0605702 0.88024
6.31825 0.0603265 0.868121
6.36508 0.0600661 0.855825
6.41185 0.0597882 0.843502
6.45838 0.059492 0.831326
6.50446 0.059177 0.819483
6.54988 0.0588425 0.808178
6.59439 0.058488 0.797632
6.63774 0.0581131 0.788077
6.67969 0.0577174 0.779758
6.71996 0.0573004 0.772927
6.75828 0.056862 0.767841
6.7944 0.056402 0.76476
6.82806 0.0559201 0.763934
6.85901 0.0554164 0.765606
6.88705 0.0548909 0.770001
6.91198 0.054344 0.777318
6.93367 0.0537761 0.787718
6.95203 0.0531878 0.801319
6.96705 0.05258 0.818179
6.9788 0.0519543 0.838286
6.98744 0.0513122 0.861537
6.99328 0.0506561 0.887728
6.99673 0.0499889 0.916529
6.9984 0.0493144 0.947466
6.99246 0.0481481 0.944042
6.992 0.0476817 1.07051
6.99143 0.0473384 1.20249
6.9911 0.0470849 1.3445
6.99196 0.0467406 1.49931
6.99583 0.0460369 1.66709
7.00558 0.0447149 1.84442
7.02513 0.0426546 2.02359
7.05931 0.04001 2.19241
7.11322 0.0372945 2.33529
7.19122 0.0353308 2.43658
7.2951 0.0349389 2.48724
7.28401 0.0321741 2.48169
7.30927 0.0320324 2.48178
7.33459 0.0318971 2.48187
7.36 0.0317734 2.48196
7.38556 0.0316662 2.48205
7.41131 0.03158 2.48215
7.43731 0.0315194 2.48225
7.4636 0.0314885 2.48235
7.49022 0.0314909 2.48245
7.51721 0.0315304 2.48256
7.54462 0.0316101 2.48267
7.57248 0.031733 2.48278
7.60084 0.0319017 2.4829
7.62972 0.0321183 2.48303
7.65915 0.032385 2.48315
7.68918 0.0327033 2.48328
7.71981 0.0330744 2.48342
7.75109 0.0334993 2.48356
7.78302 0.0339786 2.48371
7.81562 0.0345123 2.48386
7.84891 0.0351004 2.48401
7.8829 0.0357422 2.48418
7.91759 0.0364369 2.48434
7.95299 0.0371832 2.48452
7.98908 0.0379793 2.4847
8.02586 0.0388232 2.48489
8.06332 0.0397126 2.48508
8.10144 0.0406445 2.48529
8.1402 0.041616 2.4855
8.17956 0.0426235 2.48571
8.2195 0.0436633 2.48594
8.25997 0.0447312 2.48617
8.30092 0.0458228 2.48642
8.34231 0.0469335 2.48666
8.38407 0.0480583 2.48692
8.42615 0.049192 2.48718
8.46847 0.0503293 2.48746
8.51097 0.0514647 2.48773
8.55357 0.0525926 2.48802
8.59617 0.053707 2.48831
8.6387 0.0548024 2.4886
8.68106 0.0558728 2.4889
8.72317 0.0569126 2.48921
8.76492 0.057916 2.48951
8.80622 0.0588775 2.48982
8.84697 0.059792 2.49013
8.88707 0.0606543 2.49043
8.92644 0.0614599 2.49074
8.96498 0.0622044 2.49103
9.00261 0.0628842 2.49133
9.03926 0.0634961 2.49162
9.07484 0.0640375 2.49189
9.10932 0.0645067 2.49216
9.14265 0.0649028 2.49242
9.17481 0.0652258 2.49266
9.20579 0.0654766 2.49289
9.23562 0.0656575 2.4931
9.26434 0.0657719 2.4933
9.29205 0.0658244 2.49348
9.31885 0.0658213 2.49365
9.34491 0.0657703 2.4938
9.37042 0.0656808 2.49393
9.39566 0.0655642 2.49406
9.38428 0.0649552 2.48957
9.41734 0.0647881 2.48953
9.45051 0.0646292 2.48947
9.48387 0.064482 2.48935
9.51752 0.0643495 2.48917
9.55156 0.064234 2.48888
9.58606 0.0641373 2.48847
9.62109 0.0640606 2.48792
9.65675 0.0640045 2.4872
9.69308 0.0639691 2.4863
9.73015 0.0639539 2.4852
9.768 0.0639581 2.48389
9.80668 0.06398 2.48236
9.84622 0.0640179 2.48058
9.88662 0.0640694 2.47857
9.92791 0.0641317 2.47632
9.97007 0.0642018 2.47382
10.0131 0.0642762 2.47109
10.0569 0.0643513 2.46813
10.1015 0.0644231 2.46496
10.1468 0.0644876 2.46159
10.1927 0.0645406 2.45805
10.2392 0.0645779 2.45438
10.286 0.0645953 2.4506
10.3331 0.0645887 2.44675
10.3803 0.0645543 2.44289
10.4274 0.0644884 2.43906
10.4743 0.0643875 2.43532
10.5207 0.0642489 2.43174
10.5663 0.06407 2.42837
10.6111 0.0638489 2.4253
10.6546 0.0635843 2.4226
10.6967 0.0632756 2.42034
10.7371 0.0629228 2.41862
10.7755 0.0625266 2.4175
10.8116 0.0620888 2.41707
10.8453 0.0616115 2.41741
10.8761 0.0610979 2.41859
10.9041 0.0605518 2.42069
10.9288 0.0599776 2.42375
10.9503 0.0593802 2.42784
10.9684 0.0587649 2.43297
10.9832 0.0581373 2.43917
10.9946 0.0575029 2.44642
11.003 0.0568667 2.45469
11.0084 0.0562334 2.4639
11.0115 0.0556062 2.47394
11.0129 0.0549872 2.48467
10.9931 0.0490589 2.47771
10.9768 0.0503777 2.47056
11.0002 0.0501677 2.47052
11.0237 0.0499686 2.47064
11.0474 0.0497884 2.47106
11.0714 0.0496336 2.47195
11.0958 0.0495088 2.47344
11.1207 0.0494169 2.47567
11.1461 0.0493592 2.47877
11.1721 0.0493351 2.48287
11.1988 0.0493424 2.48808
11.2264 0.0493776 2.49451
11.2548 0.0494354 2.50225
11.284 0.0495093 2.51137
11.3143 0.0495917 2.52195
11.3455 0.0496741 2.53404
11.3778 0.049747 2.54766
11.4111 0.0498008 2.56282
11.4455 0.0498256 2.57951
11.481 0.0498116 2.59771
11.5175 0.0497496 2.61735
11.5551 0.0496313 2.63835
11.5936 0.0494496 2.6606
11.6331 0.049199 2.68397
11.6735 0.0488761 2.70828
11.7146 0.0484796 2.73334
11.7565 0.0480113 2.75894
11.7989 0.0474754 2.78483
11.8417 0.0468796 2.81074
11.8849 0.0462347 2.83638
11.9282 0.0455546 2.86146
11.9715 0.0448565 2.88564
12.0147 0.0441605 2.90862
12.0576 0.0434887 2.93008
12.1001 0.0428652 2.94971
12.142 0.0423148 2.96727
12.1832 0.0418615 2.9825
12.2236 0.0415276 2.99524
12.2633 0.0413312 3.0054
12.3022 0.0412841 3.01299
12.3405 0.0413887 3.01813
12.3784 0.0416352 3.02113
12.4161 0.0419971 3.02246
12.4018 0.0393516 3.0164
12.4286 0.0391958 3.01641
12.4555 0.0390501 3.01642
12.4826 0.0389216 3.01642
12.5097 0.038817 3.01642
12.5371 0.0387425 3.01641
12.5647 0.0387038 3.0164
12.5925 0.0387059 3.01638
12.6207 0.0387534 3.01634
12.6493 0.0388504 3.01629
12.6783 0.0390002 3.01623
12.7077 0.0392058 3.01615
12.7375 0.0394693 3.01604
12.7679 0.0397923 3.01592
12.7988 0.0401759 3.01578
12.8303 0.0406204 3.01561
12.8624 0.0411256 3.01541
12.8951 0.0416906 3.01519
12.9284 0.0423139 3.01494
12.9623 0.0429935 3.01466
12.9969 0.0437267 3.01435
13.0321 0.0445101 3.01401
13.068 0.04534 3.01364
13.1045 0.0462121 3.01324
13.1416 0.0471215 3.01282
13.1794 0.0480629 3.01236
13.2177 0.0490307 3.01188
13.2567 0.0500187 3.01137
13.2961 0.0510206 3.01084
13.3361 0.0520296 3.01028
13.3765 0.053039 3.00971
13.4173 0.0540417 3.00912
13.4585 0.0550306 3.00852
13.4999 0.0559986 3.00791
13.5416 0.0569387 3.00729
13.5834 0.0578441 3.00667
13.6253 0.058708 3.00606
13.6671 0.0595242 3.00546
13.7089 0.0602866 3.00487
13.7504 0.0609897 3.0043
13.7916 0.0616286 3.00376
13.8325 0.062199 3.00325
13.8728 0.062697 3.00277
13.9126 0.06312 3.00234
13.9517 0.0634657 3.00196
13.99 0.0637329 3.00163
14.0274 0.0639214 3.00136
14.0639 0.0640318 3.00115
14.0994 0.0640658 3.00101
14.1339 0.064026 3.00094
14.1672 0.063916 3.00095
14.1995 0.0637403 3.00103
14.2307 0.0635046 3.00118
14.2608 0.063215 3.00141
14.2899 0.0628788 3.0017
14.3182 0.0625036 3.00206
14.3457 0.0620976 3.00247
14.3727 0.0616696 3.00292
14.3995 0.0612278 3.00341
14.3847 0.0588616 2.99635
14.4111 0.0587154 2.99637
14.4376 0.0585762 2.9964
14.4641 0.0584486 2.99642
14.4908 0.0583366 2.99645
14.5177 0.0582437 2.99648
14.5449 0.0581731 2.99652
14.5723 0.0581273 2.99656
14.6 0.0581085 2.99661
14.6281 0.0581183 2.99666
14.6566 0.0581576 2.99671
14.6855 0.0582272 2.99677
14.7149 0.0583271 2.99684
14.7448 0.0584569 2.99691
14.7752 0.0586156 2.99699
14.8062 0.0588018 2.99707
14.8377 0.0590137 2.99715
14.8699 0.059249 2.99724
14.9026 0.0595048 2.99733
14.9361 0.059778 2.99743
14.9701 0.0600652 2.99753
15.0048 0.0603623 2.99763
15.0402 0.0606653 2.99774
15.0762 0.0609698 2.99785
15.1128 0.0612711 2.99796
15.1501 0.0615644 2.99808
15.188 0.0618449 2.99819
15.2264 0.0621078 2.99831
15.2655 0.0623482 2.99844
15.305 0.0625614 2.99856
15.3451 0.0627427 2.9987
15.3855 0.0628879 2.99883
15.4264 0.0629929 2.99897
15.4676 0.0630541 2.99911
15.509 0.0630684 2.99926
15.5507 0.0630331 2.99942
15.5924 0.0629462 2.99958
15.6342 0.0628063 2.99975
15.676 0.0626127 2.99993
15.7176 0.0623655 3.00011
15.759 0.0620655 3.0003
15.8001 0.0617146 3.00051
15.8407 0.0613151 3.00072
15.8809 0.0608705 3.00095
15.9204 0.060385 3.00119
15.9592 0.0598637 3.00144
15.9972 0.0593122 3.0017
16.0344 0.058737 3.00198
16.0706 0.058145 3.00227
16.1058 0.0575435 3.00257
16.1399 0.0569401 3.00289
16.1729 0.0563424 3.00322
16.2048 0.0557577 3.00357
16.2356 0.0551929 3.00392
16.2653 0.054654 3.00429
16.2941 0.0541455 3.00467
16.322 0.0536706 3.00505
16.3491 0.0532299 3.00544
16.3757 0.0528213 3.00583
16.4021 0.0524395 3.00621
16.3866 0.0497936 2.9983
16.4135 0.0496532 2.99832
16.4404 0.0495214 2.99835
16.4674 0.0494037 2.99838
16.4946 0.0493056 2.99841
16.5219 0.0492315 2.99845
16.5496 0.0491855 2.99849
16.5774 0.049171 2.99854
16.6057 0.049191 2.99859
16.6343 0.0492476 2.99866
16.6633 0.0493423 2.99872
16.6928 0.0494762 2.9988
16.7227 0.0496496 2.99888
16.7532 0.0498621 2.99897
16.7842 0.0501129 2.99907
16.8158 0.0504003 2.99917
16.848 0.0507222 2.99927
16.8809 0.051076 2.99938
16.9143 0.0514582 2.9995
16.9485 0.0518653 2.99962
16.9833 0.0522928 2.99975
17.0187 0.0527361 2.99988
17.0549 0.0531901 3.00001
17.0917 0.0536494 3.00014
17.1292 0.0541084 3.00028
17.1673 0.0545611 3.00043
17.206 0.0550016 3.00057
17.2453 0.0554237 3.00072
17.2852 0.0558215 3.00087
17.3256 0.0561891 3.00103
17.3665 0.0565207 3.00118
17.4079 0.056811 3.00134
17.4496 0.0570548 3.00151
17.4916 0.0572476 3.00168
17.5338 0.0573855 3.00185
17.5762 0.057465 3.00203
17.6187 0.0574836 3.00221
17.6612 0.0574393 3.0024
17.7036 0.0573313 3.00259
17.7458 0.0571596 3.0028
17.7877 0.056925 3.00301
17.8292 0.0566296 3.00323
17.8702 0.0562764 3.00346
17.9106 0.0558694 3.00369
17.9503 0.0554136 3.00394
17.9892 0.054915 3.0042
18.0273 0.0543804 3.00448
18.0643 0.0538175 3.00476
18.1004 0.0532343 3.00506
18.1353 0.0526396 3.00537
18.1691 0.052042 3.00569
18.2017 0.0514503 3.00603
18.2332 0.0508727 3.00637
18.2636 0.0503167 3.00673
18.293 0.0497882 3.00709
18.3214 0.0492918 3.00746
18.3491 0.0488292 3.00784
18.3762 0.0483994 3.00822
18.403 0.0479971 3.00859
18.3869 0.0451275 2.99977
18.4137 0.0449957 2.9998
18.4406 0.044873 2.99983
18.4677 0.0447656 2.99986
18.4948 0.0446793 2.9999
18.5222 0.0446191 2.99994
18.5497 0.0445894 2.99999
18.5776 0.044594 3.00005
18.6058 0.0446359 3.00011
18.6344 0.0447175 3.00018
18.6634 0.0448406 3.00027
18.6929 0.045006 3.00036
18.7228 0.0452142 3.00046
18.7533 0.0454646 3.00056
18.7843 0.0457561 3.00068
18.8159 0.0460869 3.0008
18.8481 0.0464547 3.00094
18.8809 0.0468562 3.00107
18.9143 0.0472879 3.00122
18.9485 0.0477453 3.00137
18.9832 0.0482237 3.00153
19.0187 0.0487179 3.00169
19.0548 0.0492221 3.00186
19.0916 0.0497303 3.00203
19.1291 0.0502361 3.00221
19.1672 0.0507329 3.00239
19.2059 0.0512141 3.00258
19.2452 0.051673 3.00277
19.2851 0.0521028 3.00296
19.3255 0.052497 3.00315
19.3665 0.0528494 3.00335
19.4078 0.053154 3.00355
19.4495 0.0534053 3.00375
19.4916 0.0535984 3.00396
19.5339 0.0537289 3.00417
19.5763 0.0537934 3.00439
19.6188 0.0537892 3.0046
19.6614 0.0537145 3.00482
19.7038 0.0535685 3.00505
19.7461 0.0533515 3.00528
19.7881 0.0530649 3.00552
19.8297 0.0527114 3.00576
19.8707 0.0522946 3.00602
19.9112 0.0518195 3.00627
19.951 0.0512921 3.00654
19.99 0.0507194 3.00681
20.0282 0.0501095 3.0071
20.0653 0.0494713 3.00739
20.1014 0.0488142 3.00769
20.1365 0.0481482 3.008
20.1703 0.0474834 3.00832
20.2031 0.0468298 3.00865
20.2346 0.0461965 3.00899
20.2651 0.0455921 3.00933
20.2945 0.0450231 3.00968
20.3229 0.0444942 3.01004
20.3506 0.044007 3.01039
20.3778 0.0435598 3.01075
20.4046 0.0431458 3.0111
20.3894 0.0410789 3.00162
20.4162 0.0409478 3.00165
20.4431 0.0408264 3.00168
20.4701 0.0407214 3.00171
20.4972 0.040639 3.00175
20.5246 0.0405845 3.0018
20.5521 0.0405626 3.00186
20.58 0.0405774 3.00192
20.6082 0.0406322 3.002
20.6368 0.0407293 3.00209
20.6657 0.0408706 3.00218
20.6952 0.041057 3.00229
20.7251 0.0412888 3.00242
20.7555 0.0415653 3.00255
20.7865 0.0418852 3.00269
20.8181 0.0422465 3.00285
20.8502 0.0426464 3.00301
20.883 0.0430814 3.00318
20.9164 0.0435473 3.00337
20.9505 0.0440394 3.00356
20.9852 0.0445523 3.00376
21.0207 0.0450802 3.00397
21.0567 0.0456168 3.00419
21.0935 0.0461554 3.00441
21.1309 0.046689 3.00464
21.169 0.0472104 3.00488
21.2077 0.0477123 3.00512
21.247 0.0481874 3.00536
21.2868 0.0486285 3.00561
21.3272 0.0490284 3.00587
21.3681 0.0493804 3.00612
21.4095 0.0496781 3.00638
21.4512 0.0499158 3.00665
21.4932 0.0500882 3.00691
21.5355 0.0501909 3.00718
21.578 0.0502203 3.00745
21.6205 0.0501739 3.00772
21.6631 0.05005 3.008
21.7056 0.0498484 3.00828
21.7479 0.0495697 3.00856
21.7899 0.049216 3.00885
21.8315 0.0487907 3.00914
21.8727 0.0482985 3.00943
21.9132 0.0477453 3.00973
21.9531 0.0471382 3.01003
21.9922 0.0464857 3.01034
22.0303 0.0457972 3.01065
22.0676 0.0450829 3.01097
22.1038 0.0443539 3.01129
22.1388 0.0436214 3.01163
22.1728 0.0428971 3.01197
22.2055 0.0421922 3.01231
22.2372 0.0415171 3.01267
22.2677 0.0408809 3.01303
22.2971 0.0402911 3.0134
22.3256 0.0397522 3.01377
22.3533 0.0392658 3.01414
22.3804 0.0388287 3.01452
22.4073 0.0384327 3.0149
22.3916 0.0362843 3.004
22.4184 0.0361596 3.00402
22.4453 0.0360453 3.00404
22.4723 0.0359487 3.00406
22.4995 0.0358764 3.00409
22.5268 0.0358345 3.00413
22.5544 0.035828 3.00417
22.5822 0.0358612 3.00423
22.6104 0.0359378 3.0043
22.639 0.0360604 3.00438
22.668 0.0362309 3.00448
22.6974 0.0364504 3.00458
22.7273 0.0367191 3.0047
22.7577 0.0370363 3.00483
22.7887 0.0374006 3.00497
22.8202 0.0378097 3.00513
22.8523 0.0382606 3.00529
22.8851 0.0387494 3.00547
22.9185 0.0392716 3.00566
22.9525 0.0398219 3.00586
22.9872 0.0403945 3.00606
23.0226 0.0409829 3.00628
23.0587 0.0415802 3.0065
23.0954 0.0421791 3.00673
23.1328 0.042772 3.00696
23.1708 0.0433508 3.0072
23.2094 0.0439078 3.00745
23.2487 0.0444347 3.0077
23.2885 0.0449236 3.00795
23.3289 0.0453668 3.00821
23.3698 0.0457569 3.00847
23.4111 0.046087 3.00874
23.4528 0.0463506 3.009
23.4948 0.0465422 3.00927
23.5371 0.0466569 3.00954
23.5795 0.0466909 3.00981
23.6221 0.0466412 3.01008
23.6647 0.0465065 3.01035
23.7071 0.0462862 3.01063
23.7495 0.0459813 3.01091
23.7915 0.0455942 3.01119
23.8332 0.0451286 3.01147
23.8743 0.0445898 3.01175
23.9149 0.0439843 3.01204
23.9548 0.0433203 3.01233
23.994 0.042607 3.01263
24.0322 0.0418549 3.01293
24.0695 0.0410753 3.01324
24.1057 0.0402805 3.01355
24.1408 0.039483 3.01387
24.1748 0.0386955 3.01419
24.2076 0.0379304 3.01452
24.2393 0.0371993 3.01486
24.2698 0.0365122 3.01521
24.2993 0.035877 3.01556
24.3278 0.0352992 3.01592
24.3555 0.0347797 3.01628
24.3827 0.0343153 3.01664
24.4095 0.0338966 3.017
24.3935 0.0304116 3.00569
24.4204 0.0303119 3.00571
24.4473 0.0302234 3.00573
24.4743 0.0301539 3.00575
24.5015 0.0301101 3.00579
24.5288 0.0300982 3.00583
24.5564 0.0301236 3.00588
24.5843 0.0301906 3.00594
24.6125 0.0303028 3.00602
24.6411 0.0304629 3.00611
24.67 0.0306727 3.00622
24.6995 0.0309331 3.00634
24.7294 0.0312441 3.00647
24.7598 0.0316046 3.00662
24.7907 0.032013 3.00678
24.8223 0.0324665 3.00695
24.8544 0.0329616 3.00714
24.8871 0.0334939 3.00735
24.9205 0.0340583 3.00756
24.9546 0.0346488 3.00779
24.9892 0.0352591 3.00802
25.0246 0.0358819 3.00827
25.0606 0.0365096 3.00853
25.0973 0.0371341 3.00879
25.1347 0.037747 3.00907
25.1727 0.0383398 3.00935
25.2113 0.0389036 3.00964
25.2506 0.0394298 3.00993
25.2904 0.0399096 3.01023
25.3308 0.0403348 3.01053
25.3716 0.0406973 3.01084
25.4129 0.0409898 3.01115
25.4546 0.0412055 3.01146
25.4967 0.0413385 3.01178
25.5389 0.0413837 3.01209
25.5814 0.0413372 3.01241
25.624 0.0411963 3.01273
25.6666 0.0409596 3.01306
25.7091 0.040627 3.01338
25.7514 0.0402 3.0137
25.7935 0.0396815 3.01403
25.8352 0.0390762 3.01436
25.8764 0.0383903 3.01469
25.9171 0.0376314 3.01503
25.957 0.0368089 3.01537
25.9962 0.0359333 3.01571
26.0345 0.0350166 3.01605
26.0718 0.0340717 3.0164
26.1081 0.0331122 3.01675
26.1432 0.0321524 3.01711
26.1772 0.0312066 3.01748
26.2101 0.0302885 3.01785
26.2418 0.029411 3.01823
26.2723 0.028585 3.01861
26.3017 0.0278196 3.019
26.3303 0.02712 3.01939
26.358 0.0264875 3.01978
26.3851 0.0259178 3.02018
26.4119 0.0254002 3.02057
26.3952 0.0219637 3.00826
26.422 0.0218741 3.00828
26.4489 0.0217966 3.0083
26.4759 0.0217394 3.00832
26.5031 0.0217103 3.00836
26.5304 0.0217158 3.0084
26.558 0.021762 3.00846
26.5859 0.0218536 3.00852
26.6141 0.0219946 3.00861
26.6426 0.022188 3.0087
26.6716 0.022436 3.00882
26.701 0.0227395 3.00894
26.7309 0.0230987 3.00909
26.7612 0.0235126 3.00925
26.7922 0.0239794 3.00943
26.8237 0.0244962 3.00962
26.8558 0.0250594 3.00982
26.8885 0.0256641 3.01005
26.9219 0.0263051 3.01028
26.9559 0.0269758 3.01053
26.9905 0.0276695 3.01079
27.0258 0.0283783 3.01106
27.0618 0.0290941 3.01134
27.0985 0.0298082 3.01163
27.1358 0.0305114 3.01193
27.1738 0.0311944 3.01224
27.2124 0.0318477 3.01255
27.2517 0.0324619 3.01287
27.2915 0.0330276 3.0132
27.3318 0.0335356 3.01353
27.3727 0.0339774 3.01387
27.414 0.0343448 3.0142
27.4556 0.0346305 3.01454
27.4977 0.0348278 3.01489
27.54 0.0349313 3.01523
27.5825 0.0349365 3.01557
27.6251 0.0348405 3.01592
27.6677 0.0346416 3.01626
27.7102 0.0343395 3.01661
27.7526 0.0339356 3.01695
27.7947 0.0334332 3.0173
27.8365 0.0328369 3.01764
27.8778 0.0321534 3.01799
27.9185 0.0313907 3.01834
27.9585 0.0305588 3.01868
27.9977 0.029669 3.01903
28.0361 0.0287341 3.01938
28.0734 0.0277678 3.01973
28.1098 0.026785 3.02009
28.145 0.0258007 3.02045
28.1791 0.0248304 3.02081
28.212 0.0238889 3.02117
28.2437 0.0229899 3.02154
28.2743 0.0221456 3.02191
28.3038 0.0213654 3.02228
28.3323 0.0206554 3.02266
28.36 0.0200166 3.02304
28.3871 0.019445 3.02341
28.4139 0.0189288 3.02379
28.3965 0.0155602 3.01047
28.4233 0.0154809 3.01048
28.4502 0.015414 3.0105
28.4772 0.0153687 3.01053
28.5043 0.0153529 3.01056
28.5317 0.0153738 3.01061
28.5592 0.0154374 3.01067
28.5871 0.015549 3.01074
28.6153 0.0157127 3.01083
28.6438 0.0159317 3.01093
28.6728 0.0162081 3.01105
28.7021 0.016543 3.0112
28.732 0.0169364 3.01135
28.7624 0.0173873 3.01153
28.7933 0.0178935 3.01172
28.8248 0.0184521 3.01194
28.8568 0.0190589 3.01216
28.8895 0.0197088 3.01241
28.9229 0.0203961 3.01267
28.9568 0.0211138 3.01294
28.9915 0.0218544 3.01323
29.0268 0.0226098 3.01353
29.0628 0.023371 3.01385
29.0994 0.0241287 3.01417
29.1367 0.0248733 3.01451
29.1747 0.0255946 3.01485
29.2133 0.0262826 3.01521
29.2525 0.0269272 3.01557
29.2923 0.0275183 3.01593
29.3326 0.0280465 3.0163
29.3735 0.0285023 3.01668
29.4148 0.0288774 3.01706
29.4565 0.0291638 3.01744
29.4986 0.0293549 3.01782
29.5409 0.0294447 3.01821
29.5834 0.029429 3.01859
29.626 0.0293046 3.01897
29.6687 0.0290699 3.01936
29.7113 0.0287251 3.01974
29.7538 0.028272 3.02012
29.7959 0.0277142 3.02049
29.8378 0.0270572 3.02087
29.8791 0.0263083 3.02124
29.9199 0.0254766 3.02161
29.96 0.0245731 3.02198
29.9993 0.0236102 3.02235
30.0377 0.022602 3.02272
30.0752 0.0215635 3.02308
30.1116 0.020511 3.02345
30.1469 0.0194609 3.02381
30.181 0.0184298 3.02417
30.214 0.0174338 3.02454
30.2458 0.0164879 3.0249
30.2764 0.0156048 3.02527
30.3059 0.0147945 3.02563
30.3344 0.0140633 3.026
30.3622 0.0134122 3.02636
30.3893 0.0128357 3.02672
30.4161 0.0123208 3.02707
30.3987 0.0110649 3.01312
30.4255 0.0109874 3.01313
30.4524 0.0109229 3.01315
30.4794 0.0108811 3.01317
30.5066 0.0108705 3.0132
30.5339 0.0108987 3.01325
30.5614 0.0109725 3.01331
30.5893 0.0110974 3.01338
30.6175 0.011278 3.01347
30.646 0.0115176 3.01359
30.6749 0.0118185 3.01372
30.7043 0.0121821 3.01387
30.7341 0.0126083 3.01404
30.7645 0.0130962 3.01424
30.7954 0.0136435 3.01445
30.8268 0.0142471 3.01468
30.8589 0.0149027 3.01494
30.8915 0.0156048 3.01521
30.9248 0.0163474 3.0155
30.9587 0.0171231 3.01581
30.9933 0.0179239 3.01613
31.0286 0.0187412 3.01647
31.0645 0.0195655 3.01682
31.1011 0.0203868 3.01718
31.1384 0.021195 3.01756
31.1763 0.0219792 3.01795
31.2149 0.0227288 3.01835
31.254 0.0234331 3.01875
31.2938 0.0240813 3.01917
31.3341 0.0246633 3.01958
31.3749 0.0251693 3.02
31.4162 0.0255901 3.02043
31.4578 0.0259177 3.02086
31.4999 0.0261446 3.02128
31.5422 0.0262649 3.02171
31.5847 0.0262739 3.02214
31.6273 0.0261683 3.02256
31.67 0.0259465 3.02298
31.7126 0.0256089 3.02339
31.755 0.0251573 3.0238
31.7972 0.0245958 3.02421
31.8391 0.0239302 3.02461
31.8804 0.0231685 3.025
31.9213 0.0223206 3.02538
31.9614 0.0213982 3.02576
32.0007 0.0204147 3.02613
32.0392 0.0193851 3.02649
32.0767 0.0183257 3.02685
32.1132 0.0172536 3.0272
32.1485 0.0161867 3.02754
32.1827 0.0151426 3.02788
32.2157 0.0141385 3.02821
32.2475 0.0131903 3.02853
32.2781 0.0123115 3.02885
32.3077 0.0115128 3.02916
32.3363 0.0108004 3.02947
32.364 0.0101753 3.02977
32.3911 0.0096314 3.03006
32.4179 0.00915396 3.03035
32.4033 0.00642142 3.01854
32.4371 0.0063282 3.01869
32.471 0.00625692 3.01887
32.5051 0.0062248 3.01912
32.5394 0.00624658 3.01945
32.5742 0.00633447 3.0199
32.6093 0.00649806 3.02049
32.645 0.0067443 3.02123
32.6813 0.00707744 3.02215
32.7182 0.00749904 3.02326
32.7558 0.00800797 3.02458
32.7942 0.00860045 3.02611
32.8334 0.00927014 3.02787
32.8733 0.0100082 3.02984
32.9142 0.0108036 3.03205
32.9559 0.0116429 3.03448
32.9984 0.0125112 3.03712
33.0417 0.0133915 3.03997
33.0859 0.0142659 3.04301
33.1308 0.0151152 3.04622
33.1764 0.01592 3.04959
33.2226 0.0166604 3.05307
33.2693 0.017317 3.05664
33.3163 0.0178713 3.06027
33.3637 0.0183059 3.0639
33.4111 0.0186054 3.0675
33.4584 0.0187566 3.071
33.5054 0.0187492 3.07435
33.5519 0.0185762 3.0775
33.5977 0.0182344 3.08036
33.6425 0.0177246 3.08289
33.686 0.017052 3.08499
33.7279 0.0162266 3.0866
33.7679 0.015263 3.08765
33.8058 0.0141806 3.08805
33.8413 0.0130031 3.08774
33.8741 0.0117583 3.08664
33.9039 0.0104774 3.0847
33.9305 0.00919428 3.08184
33.9538 0.00794378 3.07804
33.9735 0.00676072 3.07325
33.9897 0.00567764 3.06746
34.0023 0.00472271 3.06067
34.0116 0.00391656 3.05292
34.0178 0.00326928 3.04426
34.0214 0.00277644 3.03479
34.0229 0.00241446 3.02466
34.0147 -0.00183073 3.01387
33.9992 -0.00197473 2.9998
34.0343 -0.00198244 2.99981
34.0706 -0.00143645 2.9973
34.1088 -0.000143265 2.98982
34.1499 0.0017316 2.97517
34.1943 0.00369929 2.95161
34.242 0.00504257 2.91813
34.2928 0.00497745 2.87472
34.3453 0.00287216 2.82257
34.3973 -0.00150794 2.76421
34.4455 -0.00778794 2.70344
34.4859 -0.0148938 2.64491
34.5143 -0.0212137 2.59312
34.5286 -0.0251812 2.55069
34.5213 -0.0295006 2.5394
34.507 -0.0296942 2.52548
34.5422 -0.0296314 2.52546
34.5783 -0.0288228 2.52272
34.6164 -0.0269045 2.51464
34.6571 -0.0239068 2.49887
34.7009 -0.0202319 2.47358
34.7479 -0.0165739 2.43772
34.7976 -0.0137717 2.39134
34.8489 -0.0125994 2.33577
34.8997 -0.0135237 2.27378
34.9468 -0.0164771 2.20952
34.9861 -0.0207304 2.14801
35.0138 -0.0249816 2.0941
35.0277 -0.0278158 2.05059
35.018 -0.0306737 2.03753
35.0094 -0.0311133 2.02671
