-0.00340017 -0.0112053 0.993993
-0.00377101 -0.0114498 0.993876
-0.00353492 -0.0115362 0.993741
-0.00209381 -0.0113185 0.993577
0.00113309 -0.0106586 0.993375
0.00670179 -0.00942852 0.993126
0.0151349 -0.00751311 0.992827
0.0269118 -0.00481349 0.992475
0.0424581 -0.00125069 0.992069
0.0621334 0.00323012 0.991612
0.0862198 0.00865523 0.991109
0.114909 0.0150178 0.990567
0.14829 0.0222736 0.989998
0.186342 0.0303371 0.989415
0.228919 0.0390785 0.988834
0.275754 0.0483225 0.988273
0.326452 0.0578486 0.987753
0.3805 0.067395 0.987293
0.437281 0.0766654 0.986917
0.496102 0.085341 0.986642
0.556226 0.0930979 0.986488
0.616936 0.0996323 0.986466
0.6776 0.104693 0.986584
0.737772 0.108125 0.98684
0.797312 0.109926 0.987222
0.856539 0.110311 0.987704
0.848921 0.104687 0.981488
0.874993 0.10455 0.981453
0.901117 0.104412 0.981416
0.927343 0.104269 0.981376
0.953723 0.104121 0.981334
0.980304 0.103963 0.981289
1.00714 0.103792 0.981241
1.03426 0.103608 0.98119
1.06173 0.103406 0.981135
1.08959 0.103185 0.981077
1.11787 0.102941 0.981016
1.14661 0.102673 0.980951
1.17586 0.102378 0.980884
1.20564 0.102054 0.980814
1.23599 0.1017 0.980742
1.26694 0.101313 0.980669
1.29851 0.100892 0.980594
1.33073 0.100436 0.98052
1.36361 0.0999434 0.980446
1.39718 0.0994134 0.980374
1.43143 0.0988453 0.980304
1.46637 0.0982388 0.980238
1.50202 0.0975938 0.980177
1.53836 0.0969106 0.980121
1.57538 0.0961896 0.980073
1.61308 0.0954318 0.980034
1.65144 0.0946383 0.980004
1.69042 0.0938105 0.979986
1.73 0.0929504 0.97998
1.77015 0.0920602 0.979988
1.81082 0.0911423 0.980011
1.85196 0.0901998 0.980051
1.89351 0.0892359 0.980109
1.93543 0.088254 0.980185
1.97764 0.0872583 0.980281
2.02007 0.0862528 0.980398
2.06264 0.0852422 0.980536
2.10528 0.0842312 0.980696
2.14789 0.0832248 0.980878
2.19038 0.0822283 0.981083
2.23267 0.0812473 0.98131
2.27465 0.0802872 0.98156
2.31622 0.0793537 0.981831
2.35729 0.0784525 0.982123
2.39775 0.0775893 0.982435
2.43751 0.0767696 0.982765
2.47649 0.0759988 0.983113
2.51458 0.0752819 0.983476
2.55171 0.0746236 0.983853
2.5878 0.0740282 0.98424
2.62281 0.0734992 0.984637
2.65668 0.0730393 0.98504
2.68939 0.0726507 0.985447
2.72093 0.072334 0.985855
2.75132 0.072089 0.986262
2.7806 0.0719139 0.986666
2.80887 0.0718051 0.987065
2.83623 0.0717575 0.987457
2.86285 0.0717636 0.987841
2.88893 0.0718137 0.988217
2.91473 0.0718953 0.988585
2.90476 0.0676675 0.984114
2.93166 0.0675121 0.984045
2.95862 0.067362 0.983975
2.98567 0.06722 0.983904
3.01287 0.0670889 0.983831
3.04028 0.0669712 0.983758
3.06793 0.0668693 0.983682
3.09588 0.0667854 0.983606
3.12416 0.0667215 0.983527
3.15283 0.0666795 0.983447
3.18192 0.0666612 0.983366
3.21146 0.0666679 0.983284
3.24151 0.066701 0.9832
3.27208 0.0667617 0.983117
3.30321 0.066851 0.983034
3.33493 0.0669695 0.982952
3.36726 0.0671179 0.982872
3.40022 0.0672966 0.982794
3.43382 0.0675057 0.98272
3.46809 0.0677452 0.98265
3.50302 0.0680149 0.982587
3.53862 0.0683144 0.98253
3.57489 0.068643 0.982482
3.61182 0.0689998 0.982444
3.6494 0.0693839 0.982417
3.68761 0.0697939 0.982403
3.72643 0.0702282 0.982403
3.76582 0.0706853 0.982419
3.80576 0.0711631 0.982452
3.8462 0.0716596 0.982504
3.88709 0.0721725 0.982577
3.92838 0.0726991 0.982672
3.97001 0.0732369 0.982789
4.0119 0.0737829 0.982931
4.054 0.0743342 0.983099
4.09622 0.0748876 0.983293
4.13847 0.0754398 0.983515
4.18068 0.0759874 0.983765
4.22274 0.076527 0.984043
4.26457 0.0770551 0.984351
4.30606 0.0775682 0.984687
4.34712 0.0780628 0.985051
4.38765 0.0785354 0.985444
4.42755 0.0789829 0.985864
4.46673 0.0794019 0.98631
4.50509 0.0797896 0.986781
4.54255 0.0801431 0.987276
4.57904 0.0804602 0.987792
4.61448 0.0807388 0.988327
4.64884 0.0809773 0.988879
4.68209 0.0811748 0.989445
4.7142 0.0813307 0.990024
4.74519 0.0814455 0.990611
4.77511 0.0815201 0.991205
4.80402 0.0815565 0.991802
4.83206 0.0815578 0.9924
4.85936 0.0815278 0.992997
4.88615 0.0814721 0.993591
4.91267 0.0813971 0.99418
4.90001 0.0795285 0.989098
4.92688 0.0793857 0.989015
4.9538 0.079247 0.988931
4.98082 0.0791139 0.988847
5.008 0.0789875 0.988761
5.03538 0.0788689 0.988675
5.06301 0.0787587 0.988588
5.09094 0.0786578 0.9885
5.11922 0.0785664 0.988411
5.14788 0.0784849 0.988321
5.17696 0.0784134 0.98823
5.20651 0.0783518 0.988139
5.23657 0.0782997 0.988047
5.26716 0.0782569 0.987955
5.29832 0.0782229 0.987864
5.33007 0.0781968 0.987773
5.36245 0.078178 0.987685
5.39546 0.0781654 0.987599
5.42913 0.0781582 0.987517
5.46347 0.078155 0.987439
5.49848 0.0781547 0.987367
5.53418 0.078156 0.987301
5.57056 0.0781576 0.987243
5.60761 0.0781582 0.987195
5.64532 0.0781562 0.987157
5.68368 0.0781502 0.987131
5.72266 0.078139 0.987119
5.76222 0.0781212 0.987122
5.80235 0.0780954 0.987141
5.84298 0.0780604 0.987178
5.88408 0.0780152 0.987236
5.92559 0.0779588 0.987314
5.96745 0.0778902 0.987415
6.0096 0.0778087 0.987539
6.05195 0.077714 0.987689
6.09443 0.0776055 0.987865
6.13696 0.0774833 0.988069
6.17944 0.0773475 0.9883
6.22179 0.0771984 0.98856
6.26391 0.0770366 0.988849
6.3057 0.0768631 0.989168
6.34705 0.0766789 0.989515
6.38787 0.0764853 0.989892
6.42805 0.0762841 0.990298
6.46751 0.076077 0.990731
6.50614 0.0758661 0.991191
6.54385 0.0756535 0.991676
6.58058 0.0754417 0.992185
6.61626 0.0752328 0.992715
6.65082 0.0750295 0.993265
6.68425 0.0748339 0.993832
6.71652 0.0746483 0.994413
6.74766 0.0744745 0.995006
6.77769 0.074314 0.995609
6.80669 0.0741679 0.996217
6.83479 0.0740364 0.996828
6.86214 0.073919 0.99744
6.88895 0.0738139 0.99805
6.91549 0.0737184 0.998656
6.90271 0.0721047 0.992976
6.9296 0.0719853 0.992925
6.95653 0.0718699 0.992873
6.98356 0.0717601 0.992819
7.01075 0.071657 0.992764
7.03813 0.0715616 0.992708
7.06576 0.0714747 0.992649
7.09369 0.0713967 0.992588
7.12195 0.0713278 0.992524
7.1506 0.0712681 0.992457
7.17966 0.0712174 0.992388
7.20918 0.0711752 0.992315
7.2392 0.0711409 0.992239
7.26974 0.0711137 0.99216
7.30084 0.0710925 0.992079
7.33253 0.0710762 0.991995
7.36483 0.0710634 0.991909
7.39776 0.0710526 0.991821
7.43133 0.0710421 0.991732
7.46557 0.0710301 0.991643
7.50047 0.0710149 0.991554
7.53605 0.0709945 0.991467
7.57229 0.070967 0.991382
7.6092 0.0709304 0.991301
7.64677 0.0708827 0.991224
7.68497 0.0708221 0.991154
7.72379 0.0707467 0.991091
7.76319 0.0706549 0.991036
7.80314 0.0705449 0.990992
7.8436 0.0704156 0.99096
7.88453 0.0702656 0.990941
7.92587 0.070094 0.990937
7.96755 0.0699003 0.99095
8.00952 0.0696839 0.99098
8.0517 0.069445 0.99103
8.09402 0.069184 0.9911
8.13639 0.0689014 0.991192
8.17872 0.0685986 0.991308
8.22093 0.0682771 0.991448
8.26291 0.0679389 0.991612
8.30457 0.0675864 0.991803
8.34582 0.0672226 0.99202
8.38654 0.0668506 0.992263
8.42664 0.0664741 0.992533
8.46602 0.0660971 0.992829
8.50459 0.0657238 0.993152
8.54227 0.0653587 0.993499
8.57897 0.0650063 0.993871
8.61463 0.0646711 0.994266
8.6492 0.0643577 0.994682
8.68264 0.0640702 0.995117
8.71495 0.0638123 0.995571
8.74612 0.0635871 0.996039
8.77621 0.0633968 0.99652
8.80528 0.0632424 0.997011
8.83344 0.0631236 0.997509
8.86087 0.0630381 0.998011
8.88776 0.0629816 0.998514
8.91439 0.0629472 0.999015
8.90144 0.0611083 0.992402
8.9283 0.0609975 0.992361
8.95522 0.0608916 0.99232
8.98224 0.0607931 0.992278
9.00941 0.0607041 0.992236
9.03679 0.0606264 0.992194
9.06441 0.0605614 0.992152
9.09232 0.0605104 0.99211
9.12058 0.0604741 0.992069
9.14921 0.0604531 0.992027
9.17827 0.0604477 0.991987
9.20779 0.0604578 0.991946
9.2378 0.0604829 0.991907
9.26834 0.0605226 0.991868
9.29945 0.0605758 0.991832
9.33114 0.0606414 0.991796
9.36344 0.0607178 0.991763
9.39638 0.0608035 0.991733
9.42997 0.0608964 0.991706
9.46422 0.0609945 0.991684
9.49915 0.0610954 0.991666
9.53475 0.0611968 0.991653
9.57103 0.0612962 0.991648
9.60798 0.0613908 0.991649
9.64558 0.061478 0.99166
9.68384 0.0615551 0.99168
9.72271 0.0616195 0.991711
9.76217 0.0616686 0.991754
9.80219 0.0616999 0.99181
9.84273 0.061711 0.99188
9.88374 0.0617 0.991966
9.92517 0.0616649 0.992068
9.96695 0.0616041 0.992188
10.009 0.0615165 0.992326
10.0513 0.0614011 0.992484
10.0938 0.0612576 0.992662
10.1363 0.061086 0.992862
10.1787 0.0608867 0.993083
10.2211 0.0606608 0.993326
10.2632 0.0604099 0.993592
10.305 0.0601359 0.993881
10.3464 0.0598415 0.994191
10.3873 0.0595299 0.994524
10.4275 0.0592046 0.994878
10.4671 0.0588698 0.995254
10.5058 0.05853 0.995649
10.5436 0.0581899 0.996062
10.5805 0.0578548 0.996493
10.6163 0.0575297 0.996939
10.651 0.05722 0.997399
10.6845 0.0569305 0.997871
10.7169 0.056666 0.998351
10.7482 0.0564305 0.998839
10.7784 0.0562271 0.999332
10.8075 0.0560578 0.999827
10.8357 0.0559231 1.00032
10.8632 0.0558215 1.00081
10.8901 0.0557493 1.0013
10.9167 0.0556998 1.00178
10.9036 0.054367 0.994426
10.9305 0.054268 0.99437
10.9574 0.0541743 0.994314
10.9844 0.0540885 0.994258
11.0116 0.0540131 0.994203
11.0389 0.0539499 0.99415
11.0666 0.0539005 0.994098
11.0944 0.053866 0.994049
11.1227 0.0538475 0.994003
11.1513 0.0538452 0.99396
11.1803 0.0538594 0.99392
11.2098 0.0538897 0.993885
11.2398 0.0539355 0.993853
11.2703 0.0539959 0.993825
11.3013 0.0540696 0.993803
11.3329 0.054155 0.993786
11.3652 0.05425 0.993775
11.3981 0.0543526 0.99377
11.4316 0.0544602 0.993773
11.4657 0.0545702 0.993783
11.5006 0.0546796 0.993801
11.5361 0.0547854 0.993829
11.5723 0.0548844 0.993868
11.6091 0.0549734 0.993917
11.6466 0.055049 0.993977
11.6848 0.055108 0.994051
11.7235 0.0551471 0.994138
11.7629 0.0551633 0.99424
11.8028 0.0551535 0.994357
11.8432 0.055115 0.994491
11.8841 0.0550456 0.994642
11.9254 0.0549429 0.994811
11.9671 0.0548055 0.994999
12.0091 0.054632 0.995206
12.0513 0.0544218 0.995433
12.0936 0.0541746 0.99568
12.136 0.053891 0.995948
12.1784 0.053572 0.996237
12.2207 0.0532192 0.996547
12.2627 0.0528352 0.996878
12.3045 0.0524231 0.997228
12.3458 0.0519867 0.997599
12.3867 0.0515304 0.997988
12.4269 0.0510593 0.998395
12.4664 0.0505793 0.998819
12.5051 0.0500963 0.999259
12.5429 0.0496172 0.999712
12.5797 0.0491486 1.00018
12.6155 0.0486977 1.00065
12.6502 0.0482713 1.00114
12.6838 0.047876 1.00163
12.7162 0.047518 1.00212
12.7475 0.0472024 1.00261
12.7777 0.0469332 1.00311
12.8069 0.0467127 1.0036
12.8351 0.0465412 1.00408
12.8626 0.0464164 1.00456
12.8895 0.0463327 1.00503
12.9162 0.0462808 1.00549
12.9036 0.0463776 0.997159
12.9304 0.0462863 0.997099
12.9573 0.0462004 0.997038
12.9844 0.0461229 0.996979
13.0115 0.0460562 0.996922
13.0389 0.0460026 0.996867
13.0665 0.0459637 0.996816
13.0944 0.0459409 0.99677
13.1226 0.0459351 0.996727
13.1512 0.0459466 0.99669
13.1802 0.0459756 0.996658
13.2097 0.0460215 0.996632
13.2396 0.0460835 0.996612
13.2701 0.0461605 0.996599
13.3011 0.0462507 0.996593
13.3327 0.0463523 0.996594
13.3648 0.0464628 0.996603
13.3977 0.0465795 0.99662
13.4311 0.0466995 0.996646
13.4652 0.0468196 0.996681
13.4999 0.0469362 0.996727
13.5354 0.0470457 0.996783
13.5715 0.0471444 0.99685
13.6082 0.0472282 0.99693
13.6456 0.0472935 0.997021
13.6836 0.0473362 0.997126
13.7223 0.0473526 0.997245
13.7615 0.047339 0.997379
13.8013 0.0472922 0.997528
13.8416 0.0472089 0.997692
13.8824 0.0470865 0.997873
13.9236 0.0469227 0.998071
13.9652 0.0467156 0.998286
14.007 0.046464 0.998518
14.0491 0.0461673 0.998769
14.0913 0.0458257 0.999037
14.1337 0.0454399 0.999323
14.1759 0.0450115 0.999626
14.2181 0.044543 0.999947
14.2601 0.0440377 1.00028
14.3018 0.0434997 1.00064
14.3431 0.0429338 1.00101
14.3839 0.042346 1.00139
14.424 0.0417427 1.00179
14.4635 0.0411311 1.0022
14.5022 0.0405192 1.00261
14.54 0.0399151 1.00304
14.5768 0.0393274 1.00347
14.6126 0.0387649 1.00391
14.6474 0.0382362 1.00435
14.6809 0.0377494 1.00479
14.7134 0.0373119 1.00523
14.7447 0.0369301 1.00567
14.7749 0.0366087 1.0061
14.8041 0.0363503 1.00652
14.8324 0.036155 1.00693
14.8599 0.0360196 1.00733
14.8869 0.0359368 1.00772
14.9136 0.0358947 1.0081
14.9052 0.0343601 0.999602
14.9391 0.0343277 0.999588
14.9731 0.0343041 0.999518
15.0073 0.0342942 0.999338
15.0418 0.0343014 0.998996
15.0766 0.0343285 0.998441
15.112 0.034377 0.997625
15.1478 0.0344475 0.996504
15.1843 0.0345397 0.995033
15.2215 0.0346522 0.993176
15.2594 0.0347829 0.990898
15.2981 0.0349285 0.98817
15.3376 0.0350851 0.984968
15.378 0.0352479 0.981275
15.4192 0.0354115 0.97708
15.4613 0.0355697 0.972379
15.5042 0.0357159 0.967179
15.548 0.0358431 0.961492
15.5926 0.0359437 0.955342
15.6379 0.0360104 0.948762
15.6839 0.0360356 0.941795
15.7304 0.0360118 0.934495
15.7774 0.0359319 0.926929
15.8247 0.0357892 0.919173
15.8721 0.0355779 0.911318
15.9196 0.0352927 0.903464
15.9669 0.0349294 0.895724
16.0138 0.0344852 0.888223
16.0601 0.0339585 0.881095
16.1055 0.0333491 0.874485
16.1499 0.0326585 0.868548
16.1928 0.0318899 0.863443
16.2341 0.0310483 0.859337
16.2734 0.0301404 0.856399
16.3105 0.0291749 0.854799
16.3451 0.0281617 0.854702
16.377 0.0271125 0.856267
16.4059 0.0260403 0.85964
16.4316 0.0249586 0.864951
16.4539 0.0238816 0.872306
16.4728 0.0228234 0.881779
16.4883 0.0217969 0.893408
16.5003 0.0208135 0.907182
16.5091 0.0198818 0.923032
16.5149 0.0190063 0.940822
16.5182 0.0181862 0.960331
16.5197 0.0174133 0.981246
16.5049 0.0122788 0.972654
16.4958 0.00924668 0.966595
16.53 0.00902031 0.966673
16.5644 0.00886571 0.967514
16.5993 0.00884222 0.969866
16.635 0.00899653 0.974441
16.6716 0.00936242 0.981914
16.7094 0.00996075 0.992905
16.7485 0.0107996 1.00797
16.7889 0.0118747 1.02761
16.8309 0.0131701 1.0522
16.8743 0.0146595 1.08204
16.9191 0.0163071 1.1173
16.9653 0.01807 1.15802
17.0127 0.0198997 1.20407
17.0609 0.0217448 1.25516
17.1097 0.0235534 1.31084
17.1585 0.0252763 1.37044
17.207 0.0268693 1.43314
17.2544 0.0282963 1.4979
17.3001 0.029532 1.56353
17.3432 0.0305637 1.62871
17.3831 0.0313932 1.69201
17.419 0.032037 1.75198
17.45 0.0325263 1.80721
17.4756 0.032904 1.85647
17.4954 0.0332218 1.8988
17.5093 0.0335326 1.93377
17.5177 0.0338821 1.96161
17.5215 0.0342954 1.98354
17.5026 0.0295111 1.97469
17.5007 0.0293437 2.02007
17.4994 0.0301306 2.06847
17.5 0.032224 2.12228
17.5044 0.0353636 2.18277
17.5157 0.0387687 2.24962
17.5382 0.0413975 2.32043
17.5771 0.042364 2.3904
17.6376 0.0414138 2.45261
17.7237 0.0392506 2.49929
17.8367 0.0373694 2.52502
17.8223 0.0355791 2.51586
17.8483 0.0354593 2.51588
17.8744 0.0353476 2.51589
17.9006 0.0352496 2.5159
17.9269 0.0351706 2.51592
17.9534 0.0351152 2.51593
17.9801 0.0350876 2.51594
18.0072 0.0350913 2.51595
18.0346 0.0351294 2.51595
18.0624 0.0352044 2.51595
18.0906 0.0353182 2.51595
18.1192 0.0354719 2.51594
18.1484 0.0356664 2.51592
18.1781 0.0359017 2.51589
18.2084 0.0361773 2.51585
18.2392 0.0364921 2.5158
18.2707 0.0368447 2.51574
18.3029 0.0372326 2.51567
18.3357 0.0376534 2.51558
18.3692 0.0381036 2.51548
18.4033 0.0385797 2.51536
18.4382 0.0390774 2.51523
18.4738 0.0395923 2.51508
18.5102 0.0401194 2.51491
18.5472 0.0406536 2.51473
18.5849 0.0411893 2.51453
18.6233 0.0417211 2.51432
18.6623 0.042243 2.51408
18.702 0.0427494 2.51384
18.7423 0.0432344 2.51358
18.7831 0.0436923 2.5133
18.8245 0.0441176 2.51302
18.8663 0.0445051 2.51272
18.9085 0.0448499 2.51241
18.951 0.0451475 2.5121
18.9938 0.0453938 2.51179
19.0368 0.0455854 2.51147
19.0799 0.0457196 2.51115
19.1231 0.0457944 2.51084
19.1662 0.0458085 2.51053
19.2091 0.0457615 2.51023
19.2517 0.0456538 2.50994
19.294 0.045487 2.50967
19.3357 0.0452632 2.50941
19.377 0.044986 2.50918
19.4175 0.0446594 2.50897
19.4573 0.0442887 2.50878
19.4961 0.0438798 2.50863
19.5341 0.0434394 2.50851
19.5709 0.0429751 2.50843
19.6067 0.0424945 2.50838
19.6413 0.0420059 2.50837
19.6747 0.0415177 2.5084
19.7068 0.0410378 2.50847
19.7378 0.0405739 2.50857
19.7676 0.0401326 2.50872
19.7963 0.0397195 2.50889
19.8241 0.0393381 2.5091
19.851 0.0389899 2.50934
19.8773 0.0386732 2.50959
19.9034 0.0383828 2.50985
19.8902 0.0392443 2.49856
19.9166 0.0391249 2.49849
19.9431 0.0390102 2.49844
19.9696 0.0389028 2.49838
19.9962 0.0388049 2.49834
20.0231 0.0387189 2.49831
20.0502 0.0386469 2.4983
20.0775 0.0385912 2.4983
20.1052 0.0385541 2.49833
20.1333 0.038538 2.49838
20.1617 0.0385452 2.49846
20.1906 0.0385786 2.49856
20.2199 0.038641 2.49869
20.2497 0.0387359 2.49884
20.2801 0.0388671 2.49903
20.311 0.0390388 2.49926
20.3426 0.0392559 2.49951
20.3747 0.0395243 2.4998
20.4074 0.0398504 2.50012
20.4408 0.0402418 2.50048
20.4749 0.0407071 2.50087
20.5096 0.0412562 2.50129
20.5449 0.0419003 2.50175
20.581 0.0426522 2.50224
20.6176 0.0435264 2.50277
20.655 0.0445391 2.50333
20.693 0.0457083 2.50393
20.7315 0.0470545 2.50455
20.7707 0.0485999 2.5052
20.8104 0.0503694 2.50589
20.8506 0.05239 2.50659
20.8913 0.0546914 2.50733
20.9324 0.0573058 2.50809
20.9739 0.060268 2.50886
21.0157 0.0636153 2.50966
21.0576 0.0673878 2.51047
21.0998 0.0716278 2.51129
21.142 0.0763803 2.51212
21.1842 0.0816924 2.51296
21.2262 0.0876131 2.51381
21.2681 0.0941934 2.51465
21.3097 0.101485 2.51549
21.3508 0.109542 2.51632
21.3915 0.118418 2.51714
21.4315 0.128164 2.51795
21.4709 0.138835 2.51873
21.5094 0.150481 2.5195
21.547 0.163149 2.52024
21.5837 0.176883 2.52096
21.6193 0.191721 2.52164
21.6539 0.207697 2.5223
21.6873 0.224833 2.52291
21.7195 0.243144 2.52349
21.7506 0.262632 2.52404
21.7806 0.283283 2.52454
21.8095 0.30507 2.52501
21.8375 0.327944 2.52545
21.8647 0.351835 2.52585
21.8913 0.376647 2.52623
21.9177 0.402254 2.52658
21.9149 0.396087 2.5216
21.9339 0.415012 2.52173
21.9528 0.433958 2.52186
21.9719 0.452947 2.52199
21.9909 0.471998 2.52211
22.01 0.491132 2.52224
22.0292 0.510369 2.52236
22.0485 0.529728 2.52247
22.0679 0.549226 2.52258
22.0874 0.568884 2.52267
22.107 0.588717 2.52276
22.1267 0.608744 2.52284
22.1466 0.62898 2.52291
22.1667 0.649442 2.52296
22.1869 0.670145 2.523
22.2073 0.691102 2.52302
22.2279 0.712328 2.52302
22.2487 0.733835 2.52301
22.2697 0.755635 2.52297
22.2909 0.77774 2.52291
22.3124 0.800158 2.52282
22.3341 0.8229 2.52272
22.356 0.845973 2.52258
22.3782 0.869385 2.52242
22.4007 0.893141 2.52223
22.4234 0.917245 2.52201
22.4464 0.941702 2.52175
22.4696 0.966514 2.52147
22.4931 0.991681 2.52115
22.5169 1.0172 2.5208
22.541 1.04308 2.52041
22.5653 1.06931 2.51999
22.5899 1.09588 2.51953
22.6148 1.1228 2.51903
22.64 1.15004 2.5185
22.6654 1.17761 2.51793
22.6911 1.2055 2.51732
22.717 1.23369 2.51667
22.7432 1.26216 2.51599
22.7696 1.29091 2.51527
22.7963 1.31992 2.51452
22.8232 1.34916 2.51372
22.8502 1.37863 2.5129
22.8775 1.40829 2.51204
22.9049 1.43813 2.51115
22.9325 1.46812 2.51023
22.9603 1.49824 2.50927
22.9881 1.52845 2.5083
23.0161 1.55874 2.50729
23.0442 1.58907 2.50626
23.0723 1.61942 2.50521
23.1004 1.64974 2.50415
23.1285 1.68001 2.50306
23.1567 1.7102 2.50197
23.1847 1.74027 2.50086
23.2127 1.77019 2.49975
23.2406 1.79992 2.49864
23.2684 1.82942 2.49752
23.296 1.85868 2.49642
23.3234 1.88764 2.49532
23.3506 1.91627 2.49423
23.3775 1.94455 2.49316
23.4042 1.97243 2.49211
23.4305 1.9999 2.49108
23.4565 2.02691 2.49009
23.4822 2.05345 2.48912
23.5074 2.07949 2.48819
23.5322 2.105 2.48731
23.5566 2.12997 2.48646
23.5806 2.15439 2.48567
23.604 2.17824 2.48492
23.627 2.20151 2.48423
23.6496 2.22421 2.48359
23.6716 2.24635 2.48301
23.6932 2.26793 2.48248
23.7143 2.28897 2.48201
23.7349 2.3095 2.4816
23.7552 2.32956 2.48125
23.775 2.34919 2.48095
23.7945 2.36845 2.4807
23.8138 2.3874 2.4805
23.8329 2.40612 2.48034
23.8518 2.42471 2.4802
23.8708 2.44327 2.48009
23.8647 2.43564 2.47462
23.8863 2.45717 2.47483
23.9079 2.47873 2.47504
23.9296 2.50035 2.47526
23.9513 2.52206 2.47547
23.9731 2.54389 2.47569
23.9951 2.56585 2.47591
24.0171 2.58799 2.47613
24.0394 2.61031 2.47636
24.0618 2.63286 2.47658
24.0844 2.65564 2.47681
24.1072 2.67868 2.47704
24.1303 2.70199 2.47727
24.1537 2.7256 2.4775
24.1772 2.74953 2.47772
24.2011 2.77378 2.47795
24.2253 2.79837 2.47817
24.2498 2.82331 2.47839
24.2747 2.84861 2.47861
24.2998 2.87427 2.47882
24.3253 2.90031 2.47902
24.3512 2.92672 2.47922
24.3774 2.95351 2.47941
24.404 2.98066 2.47959
24.431 3.00819 2.47976
24.4584 3.03607 2.47992
24.4861 3.06431 2.48006
24.5142 3.09288 2.4802
24.5427 3.12177 2.48032
24.5715 3.15097 2.48043
24.6007 3.18044 2.48053
24.6303 3.21018 2.48061
24.6602 3.24014 2.48068
24.6904 3.2703 2.48073
24.7209 3.30063 2.48076
24.7517 3.33108 2.48078
24.7828 3.36162 2.48078
24.8141 3.3922 2.48076
24.8456 3.42278 2.48073
24.8773 3.45331 2.48068
24.9092 3.48373 2.48061
24.9411 3.51399 2.48052
24.9732 3.54403 2.48042
25.0053 3.57379 2.48031
25.0374 3.60321 2.48017
25.0695 3.63223 2.48002
25.1014 3.66077 2.47986
25.1332 3.68878 2.47968
25.1648 3.71617 2.47949
25.1962 3.74288 2.47929
25.2273 3.76884 2.47908
25.258 3.79399 2.47886
25.2883 3.81824 2.47863
25.3182 3.84153 2.47839
25.3475 3.8638 2.47815
25.3763 3.88498 2.4779
25.4044 3.90502 2.47765
25.4319 3.92385 2.4774
25.4587 3.94142 2.47715
25.4847 3.9577 2.4769
25.5099 3.97263 2.47665
25.5343 3.98621 2.47641
25.5578 3.99839 2.47617
25.5805 4.00918 2.47594
25.6023 4.01859 2.47572
25.6232 4.02662 2.47551
25.6433 4.03331 2.47531
25.6625 4.03872 2.47512
25.681 4.04291 2.47494
25.6988 4.04598 2.47476
25.716 4.04804 2.4746
25.7327 4.04924 2.47445
25.7491 4.04973 2.4743
25.7652 4.04973 2.47416
25.7519 4.04722 2.46331
25.7761 4.04709 2.46341
25.8005 4.04698 2.46353
25.8249 4.04689 2.46366
25.8496 4.04682 2.46384
25.8745 4.04679 2.46406
25.8998 4.0468 2.46434
25.9255 4.04684 2.46469
25.9516 4.04693 2.46511
25.9783 4.04705 2.46561
26.0055 4.04721 2.46619
26.0334 4.0474 2.46687
26.0619 4.04762 2.46764
26.0912 4.04785 2.46852
26.1212 4.04808 2.4695
26.1521 4.04832 2.47059
26.1837 4.04853 2.47179
26.2162 4.04872 2.47309
26.2496 4.04887 2.47451
26.2838 4.04896 2.47603
26.3189 4.04898 2.47765
26.3549 4.04892 2.47938
26.3918 4.04876 2.4812
26.4295 4.04849 2.48311
26.4681 4.04811 2.4851
26.5074 4.04759 2.48716
26.5474 4.04694 2.48929
26.5881 4.04615 2.49147
26.6293 4.04521 2.49369
26.6711 4.04413 2.49593
26.7132 4.04291 2.49819
26.7556 4.04156 2.50043
26.7982 4.04009 2.50266
26.8408 4.03851 2.50484
26.8834 4.03684 2.50696
26.9257 4.0351 2.509
26.9676 4.03332 2.51094
27.0091 4.03153 2.51277
27.0498 4.02976 2.51446
27.0899 4.02804 2.516
27.129 4.02639 2.51738
27.1672 4.02487 2.51858
27.2043 4.02349 2.51959
27.2404 4.02227 2.52041
27.2754 4.02125 2.52105
27.3094 4.02043 2.5215
27.3426 4.01981 2.52178
27.3752 4.01938 2.52192
27.4074 4.01909 2.52195
27.3955 4.0173 2.50989
27.4224 4.0172 2.51
27.4493 4.0171 2.51012
27.4764 4.01703 2.51024
27.5036 4.01697 2.51036
27.531 4.01695 2.5105
27.5586 4.01697 2.51064
27.5864 4.01703 2.51079
27.6146 4.01714 2.51095
27.6432 4.01729 2.51112
27.6721 4.01749 2.5113
27.7014 4.01774 2.51149
27.7312 4.01805 2.51169
27.7615 4.0184 2.5119
27.7923 4.0188 2.51211
27.8236 4.01924 2.51234
27.8555 4.01973 2.51257
27.888 4.02025 2.5128
27.9211 4.0208 2.51304
27.9549 4.02138 2.51329
27.9892 4.02198 2.51354
28.0242 4.02258 2.51379
28.0599 4.02319 2.51405
28.0962 4.02379 2.5143
28.1331 4.02437 2.51456
28.1707 4.02493 2.51482
28.2088 4.02546 2.51507
28.2476 4.02595 2.51533
28.2869 4.02639 2.51558
28.3268 4.02676 2.51583
28.3671 4.02708 2.51607
28.4079 4.02732 2.51631
28.4491 4.02748 2.51654
28.4906 4.02755 2.51677
28.5323 4.02754 2.51699
28.5743 4.02744 2.51721
28.6164 4.02724 2.51741
28.6585 4.02695 2.51761
28.7006 4.02657 2.5178
28.7425 4.02609 2.51798
28.7842 4.02554 2.51815
28.8255 4.0249 2.51831
28.8664 4.0242 2.51846
28.9067 4.02344 2.5186
28.9464 4.02262 2.51872
28.9854 4.02178 2.51883
29.0235 4.02091 2.51893
29.0607 4.02003 2.51902
29.0969 4.01916 2.5191
29.132 4.01832 2.51916
29.166 4.01752 2.51921
29.1989 4.01677 2.51925
29.2306 4.01609 2.51927
29.2612 4.01549 2.51928
29.2908 4.01498 2.51928
29.3195 4.01455 2.51927
29.3474 4.01422 2.51924
29.3747 4.01398 2.51921
29.4017 4.01379 2.51916
29.3894 4.01251 2.50908
29.4233 4.0124 2.50926
29.4571 4.01234 2.50945
29.4912 4.01236 2.50964
29.5254 4.01251 2.50985
29.56 4.01281 2.51006
29.5948 4.0133 2.51029
29.6301 4.014 2.51054
29.6658 4.01494 2.5108
29.702 4.01614 2.51107
29.7387 4.01761 2.51135
29.776 4.01935 2.51164
29.8139 4.02138 2.51193
29.8524 4.02369 2.51224
29.8915 4.02628 2.51254
29.9313 4.02913 2.51285
29.9718 4.03224 2.51316
30.0128 4.03557 2.51346
30.0545 4.0391 2.51376
30.0968 4.0428 2.51405
30.1396 4.04663 2.51434
30.1828 4.05055 2.51462
30.2265 4.05451 2.51488
30.2705 4.05845 2.51514
30.3146 4.06232 2.51539
30.3589 4.06606 2.51562
30.4031 4.06961 2.51584
30.4472 4.0729 2.51605
30.4909 4.07586 2.51624
30.534 4.07842 2.51642
30.5765 4.08051 2.51659
30.618 4.08207 2.51674
30.6584 4.08302 2.51687
30.6974 4.0833 2.51699
30.7349 4.08286 2.5171
30.7706 4.08162 2.51719
30.8044 4.07956 2.51727
30.8359 4.07662 2.51733
30.8652 4.07277 2.51738
30.8919 4.06801 2.51742
30.9161 4.06232 2.51743
30.9377 4.05572 2.51744
30.9568 4.04823 2.51743
30.9734 4.0399 2.5174
30.9879 4.03081 2.51736
31.0005 4.02105 2.51731
31.0118 4.01074 2.51724
30.9927 4.00641 2.50538
31.0055 3.99312 2.50551
31.0183 3.97984 2.50564
31.0313 3.96656 2.5058
31.0444 3.95327 2.506
31.0578 3.93994 2.50624
31.0715 3.92656 2.50652
31.0855 3.91308 2.50686
31.1 3.89946 2.50725
31.1149 3.88565 2.50769
31.1304 3.8716 2.50819
31.1465 3.85724 2.50873
31.1633 3.84249 2.50932
31.1808 3.8273 2.50996
31.1992 3.81156 2.51063
31.2184 3.79521 2.51134
31.2386 3.77814 2.51208
31.2599 3.76028 2.51284
31.2822 3.74154 2.51363
31.3056 3.72183 2.51442
31.3302 3.70108 2.51523
31.356 3.67919 2.51604
31.3831 3.65612 2.51685
31.4114 3.6318 2.51765
31.4409 3.60618 2.51844
31.4716 3.57922 2.51921
31.5036 3.55092 2.51996
31.5366 3.52125 2.52069
31.5708 3.49024 2.52139
31.6059 3.4579 2.52207
31.6419 3.42426 2.52273
31.6787 3.38938 2.52336
31.7163 3.35332 2.52396
31.7544 3.31612 2.52454
31.7931 3.27787 2.52511
31.8323 3.23859 2.52565
31.8721 3.19834 2.52618
31.9124 3.15712 2.52669
31.8944 3.15045 2.51271
31.9177 3.12682 2.5127
31.9411 3.10317 2.5127
31.9645 3.07946 2.51272
31.988 3.05568 2.51278
32.0116 3.03179 2.51288
32.0354 3.00776 2.51304
32.0594 2.98358 2.51326
32.0835 2.95923 2.51355
32.1079 2.93466 2.51393
32.1325 2.90987 2.51439
32.1574 2.88483 2.51495
32.1826 2.85952 2.51562
32.208 2.83392 2.51638
32.2339 2.80801 2.51727
32.26 2.78177 2.51827
32.2865 2.75518 2.51939
32.3134 2.72824 2.52063
32.3407 2.70093 2.522
32.3684 2.67324 2.52349
32.3964 2.64515 2.52512
32.4249 2.61668 2.52687
32.4538 2.58781 2.52875
32.483 2.55854 2.53075
32.5127 2.52888 2.53287
32.5428 2.49884 2.5351
32.5732 2.46842 2.53745
32.604 2.43764 2.53991
32.6351 2.40652 2.54246
32.6666 2.37508 2.5451
32.6984 2.34334 2.54782
32.7304 2.31134 2.5506
32.7627 2.27911 2.55345
32.7952 2.2467 2.55633
32.8278 2.21414 2.55925
32.8605 2.18149 2.56217
32.8933 2.14881 2.5651
32.926 2.11615 2.568
32.9587 2.08358 2.57085
32.9912 2.05116 2.57365
33.0236 2.01899 2.57635
33.0556 1.98712 2.57895
33.0872 1.95565 2.58142
33.1184 1.92466 2.58374
33.1491 1.89425 2.58587
33.1791 1.8645 2.58779
33.2083 1.83551 2.58948
33.2367 1.80739 2.59091
33.2642 1.78022 2.59205
33.2907 1.75411 2.59287
33.316 1.72916 2.59335
33.3401 1.70545 2.59347
33.3629 1.68308 2.5932
33.3843 1.66213 2.59251
33.4042 1.64269 2.59138
33.4226 1.62482 2.5898
33.4393 1.60858 2.58775
33.4543 1.59401 2.58521
33.4677 1.58115 2.58218
33.4794 1.57 2.57865
33.4893 1.56055 2.57462
33.4976 1.55278 2.5701
33.5042 1.54661 2.56509
33.5093 1.54194 2.55963
33.5131 1.53866 2.55374
33.5156 1.53657 2.54746
33.5172 1.53547 2.54083
33.518 1.53509 2.53393
33.5068 1.52956 2.5231
33.5058 1.52955 2.46111
33.5037 1.5324 2.39347
33.5013 1.53638 2.31596
33.5034 1.53487 2.22856
33.5187 1.51794 2.1383
33.5568 1.47624 2.0605
33.6231 1.40586 2.01434
33.606 1.4008 2.0006
33.6273 1.37902 2.00057
33.6487 1.35714 2.00062
33.6703 1.33509 2.00083
33.6924 1.31277 2.00126
33.715 1.29009 2.00198
33.7382 1.26697 2.00303
33.7622 1.24331 2.00447
33.787 1.21904 2.00633
33.8127 1.19407 2.00865
33.8395 1.16835 2.01145
33.8673 1.14181 2.01472
33.8962 1.11442 2.01849
33.9262 1.08614 2.02272
33.9573 1.05697 2.02741
33.9896 1.02692 2.03251
34.0228 0.996045 2.03798
34.057 0.964403 2.04374
34.0921 0.932101 2.04972
34.1278 0.899274 2.05583
34.164 0.866096 2.06195
34.2004 0.832778 2.06796
34.2368 0.799566 2.07372
34.2729 0.766746 2.07909
34.3082 0.734636 2.08389
34.3425 0.703582 2.08796
34.3752 0.673956 2.09113
34.406 0.64614 2.09321
34.4344 0.620518 2.09404
34.46 0.597458 2.09345
34.4825 0.577291 2.09132
34.5014 0.560289 2.08752
34.5166 0.546632 2.08199
34.528 0.536372 2.07471
34.5357 0.529391 2.06574
34.5401 0.52535 2.05522
34.5419 0.523631 2.04339
34.5345 0.517106 2.0342
34.5212 0.515368 2.02211
34.5458 0.490158 2.02241
34.5706 0.464756 2.02139
34.596 0.438917 2.0178
34.6221 0.412355 2.01043
34.6491 0.384764 1.99825
34.6771 0.355844 1.98039
34.7063 0.325339 1.95625
34.7367 0.293084 1.92555
34.7682 0.259054 1.88842
34.8007 0.223421 1.84542
34.8337 0.186611 1.79765
34.8668 0.149341 1.7467
34.8991 0.112641 1.69469
34.9296 0.0778356 1.64417
34.9571 0.0464709 1.59796
34.9803 0.020161 1.55888
34.9981 0.000333652 1.52932
35.0097 -0.0121612 1.51068
35.0154 -0.017614 1.50252
35.0015 -0.0210592 1.48977
