-0.00128628 0.000704139 0.994499
-0.00134901 0.000589691 0.994571
-0.00105878 0.000480659 0.994572
-6.98852e-05 0.000384167 0.994434
0.00195511 0.000307566 0.994088
0.00534362 0.000258449 0.993471
0.0104112 0.000244655 0.992524
0.0174596 0.000274253 0.991191
0.0267743 0.000355519 0.989422
0.0386223 0.000496883 0.987171
0.0532498 0.000706871 0.9844
0.0708791 0.000994013 0.981077
0.0917058 0.00136674 0.977177
0.115896 0.00183326 0.972686
0.143584 0.00240139 0.967596
0.174867 0.00307841 0.961911
0.209805 0.00387087 0.955645
0.248413 0.00478438 0.948823
0.290666 0.00582337 0.941483
0.336487 0.00699092 0.933674
0.385749 0.00828847 0.925461
0.438275 0.00971561 0.916921
0.49383 0.0112698 0.908144
0.552126 0.0129464 0.899236
0.612817 0.0147379 0.890317
0.675501 0.0166344 0.88152
0.739719 0.0186232 0.872991
0.804961 0.0206885 0.86489
0.870667 0.0228117 0.857386
0.936231 0.0249713 0.850659
1.00101 0.0271433 0.844897
1.06434 0.0293007 0.840291
1.12551 0.0314149 0.837036
1.18384 0.0334554 0.835322
1.23865 0.0353907 0.835337
1.28927 0.0371893 0.837251
1.3351 0.0388204 0.841221
1.37561 0.0402556 0.847378
1.4104 0.0414701 0.855818
1.43917 0.0424444 0.866595
1.46184 0.0431668 0.879712
1.47855 0.0436353 0.895106
1.48969 0.0438611 0.912636
1.496 0.0438712 0.93207
1.49863 0.043712 0.953068
1.49714 0.0498839 0.940957
1.49741 0.0521553 0.938527
1.53022 0.0514757 0.939145
1.56411 0.0508238 0.944543
1.60003 0.0501671 0.959219
1.63867 0.0494414 0.987157
1.68041 0.0485709 1.03154
1.72521 0.0474909 1.09442
1.77255 0.0461693 1.17633
1.82129 0.0446244 1.27595
1.86967 0.0429371 1.38981
1.91532 0.0412522 1.51227
1.95545 0.0397663 1.63585
1.98726 0.0386953 1.75215
2.00856 0.0382188 1.85366
2.01894 0.038393 1.93673
2.01651 0.0384158 1.93217
2.01534 0.0373478 2.0593
2.01474 0.0368029 2.19958
2.01702 0.0368717 2.36127
2.02726 0.0373022 2.54306
2.05411 0.0377551 2.7293
2.10921 0.0381548 2.88865
2.20373 0.0389006 2.98389
2.19884 0.0296243 2.97794
2.22263 0.02938 2.97802
2.2465 0.0291518 2.97809
2.27052 0.0289539 2.97816
2.29478 0.0287998 2.97824
2.31935 0.0287027 2.97832
2.3443 0.0286749 2.9784
2.36969 0.0287284 2.97847
2.39561 0.0288742 2.97856
2.4221 0.0291226 2.97864
2.44923 0.0294831 2.97872
2.47706 0.0299644 2.97881
2.50563 0.030574 2.9789
2.53499 0.0313187 2.97899
2.56518 0.032204 2.97908
2.59624 0.0332341 2.97918
2.62818 0.0344122 2.97928
2.66104 0.0357401 2.97938
2.69483 0.037218 2.97949
2.72953 0.0388448 2.97961
2.76517 0.0406178 2.97973
2.80171 0.0425327 2.97985
2.83914 0.0445834 2.97998
2.87742 0.0467622 2.98012
2.91651 0.0490597 2.98027
2.95636 0.0514645 2.98042
2.99691 0.0539637 2.98058
3.03807 0.0565424 2.98075
3.07977 0.0591841 2.98093
3.12191 0.0618706 2.98112
3.16439 0.0645821 2.98132
3.2071 0.0672975 2.98153
3.24992 0.0699943 2.98175
3.29272 0.0726491 2.98198
3.33537 0.0752376 2.98222
3.37774 0.0777352 2.98247
3.4197 0.0801168 2.98273
3.46112 0.0823582 2.983
3.50186 0.0844355 2.98328
3.54182 0.0863266 2.98356
3.58088 0.0880114 2.98386
3.61896 0.0894725 2.98416
3.656 0.0906962 2.98446
3.69196 0.0916735 2.98478
3.72683 0.0924012 2.98509
3.76067 0.0928826 2.9854
3.79356 0.0931296 2.98572
3.82566 0.0931636 2.98604
3.8572 0.0930169 2.98635
3.88849 0.0927353 2.98667
3.88064 0.0860719 2.98137
3.9071 0.0858855 2.98139
3.93362 0.0857013 2.98141
3.96023 0.0855207 2.98143
3.98699 0.0853445 2.98145
4.01394 0.0851736 2.98148
4.04113 0.0850085 2.9815
4.0686 0.0848496 2.98153
4.0964 0.0846974 2.98157
4.12456 0.0845518 2.9816
4.15313 0.0844129 2.98164
4.18214 0.0842805 2.98168
4.21163 0.0841543 2.98173
4.24163 0.0840338 2.98178
4.27217 0.0839186 2.98184
4.30327 0.0838079 2.9819
4.33496 0.0837009 2.98197
4.36727 0.0835968 2.98204
4.4002 0.0834946 2.98213
4.43377 0.0833932 2.98221
4.46799 0.0832916 2.98231
4.50286 0.0831886 2.98241
4.53838 0.083083 2.98252
4.57455 0.0829736 2.98264
4.61136 0.0828591 2.98277
4.6488 0.0827384 2.98291
4.68683 0.0826101 2.98305
4.72545 0.0824732 2.98321
4.76461 0.0823265 2.98338
4.80427 0.082169 2.98356
4.8444 0.0819997 2.98376
4.88495 0.0818177 2.98396
4.92586 0.0816224 2.98418
4.96707 0.0814131 2.98441
5.00852 0.0811894 2.98465
5.05012 0.0809511 2.98491
5.09182 0.080698 2.98518
5.13352 0.0804303 2.98546
5.17514 0.0801484 2.98576
5.21659 0.0798527 2.98606
5.25779 0.0795441 2.98638
5.29862 0.0792235 2.98672
5.33902 0.0788922 2.98706
5.37887 0.0785515 2.98741
5.41808 0.0782032 2.98778
5.45657 0.0778491 2.98815
5.49425 0.0774911 2.98853
5.53105 0.0771314 2.98892
5.56688 0.0767723 2.98931
5.6017 0.0764161 2.98971
5.63547 0.0760649 2.99011
5.66814 0.0757211 2.99051
5.69972 0.0753868 2.99091
5.73023 0.0750637 2.99131
5.7597 0.0747534 2.99171
5.78821 0.0744569 2.99211
5.81588 0.0741747 2.9925
5.84285 0.0739064 2.99288
5.86934 0.0736509 2.99326
5.89558 0.0734058 2.99363
5.88291 0.0708382 2.9892
5.9094 0.0706688 2.98924
5.93594 0.0705045 2.98927
5.96257 0.0703485 2.98931
5.98935 0.0702038 2.98935
6.01632 0.0700731 2.98939
6.04352 0.0699589 2.98942
6.071 0.0698633 2.98946
6.0988 0.0697882 2.9895
6.12697 0.0697354 2.98954
6.15552 0.0697063 2.98957
6.18452 0.069702 2.9896
6.21398 0.0697234 2.98964
6.24395 0.0697711 2.98967
6.27444 0.0698455 2.9897
6.30549 0.0699468 2.98972
6.33712 0.0700747 2.98975
6.36935 0.0702289 2.98977
6.40219 0.0704086 2.98979
6.43566 0.0706131 2.98981
6.46977 0.0708412 2.98983
6.50453 0.0710916 2.98985
6.53992 0.0713625 2.98987
6.57595 0.0716524 2.98988
6.61261 0.0719591 2.9899
6.64988 0.0722805 2.98992
6.68774 0.0726143 2.98993
6.72618 0.072958 2.98995
6.76515 0.073309 2.98998
6.80462 0.0736646 2.99
6.84455 0.074022 2.99003
6.88489 0.0743782 2.99007
6.92559 0.0747304 2.99011
6.96659 0.0750757 2.99016
7.00782 0.0754111 2.99022
7.04922 0.0757338 2.99028
7.0907 0.0760409 2.99036
7.13219 0.0763297 2.99045
7.17361 0.0765978 2.99055
7.21486 0.0768427 2.99066
7.25586 0.077062 2.99079
7.29652 0.077254 2.99093
7.33673 0.0774167 2.99109
7.37642 0.0775488 2.99126
7.41548 0.0776491 2.99146
7.45384 0.0777168 2.99167
7.49139 0.0777513 2.9919
7.52808 0.0777526 2.99214
7.56382 0.0777209 2.99241
7.59856 0.0776569 2.99269
7.63226 0.0775617 2.993
7.66489 0.0774369 2.99332
7.69644 0.0772841 2.99365
7.72693 0.0771059 2.994
7.7564 0.0769046 2.99437
7.78492 0.0766835 2.99475
7.81261 0.0764456 2.99513
7.83962 0.0761945 2.99553
7.86614 0.0759339 2.99593
7.89243 0.0756676 2.99633
7.87947 0.0736932 2.99153
7.90595 0.0735308 2.99155
7.93247 0.0733732 2.99157
7.9591 0.0732233 2.99159
7.98587 0.0730835 2.99162
8.01283 0.0729563 2.99164
8.04003 0.0728434 2.99167
8.0675 0.0727467 2.99169
8.0953 0.0726676 2.99172
8.12347 0.0726069 2.99175
8.15203 0.0725657 2.99178
8.18103 0.0725443 2.9918
8.21051 0.0725429 2.99183
8.24049 0.0725615 2.99186
8.271 0.0725997 2.99189
8.30208 0.0726568 2.99191
8.33373 0.072732 2.99194
8.366 0.072824 2.99197
8.39888 0.0729314 2.99199
8.4324 0.0730526 2.99202
8.46657 0.0731858 2.99204
8.50138 0.0733288 2.99206
8.53684 0.0734795 2.99209
8.57294 0.0736354 2.99211
8.60969 0.0737941 2.99214
8.64705 0.0739529 2.99216
8.68502 0.0741091 2.99219
8.72356 0.07426 2.99222
8.76265 0.0744029 2.99225
8.80225 0.0745349 2.99229
8.84232 0.0746534 2.99233
8.88281 0.0747559 2.99238
8.92367 0.0748398 2.99243
8.96484 0.0749028 2.99249
9.00624 0.0749428 2.99255
9.04782 0.074958 2.99263
9.0895 0.0749467 2.99272
9.13119 0.0749076 2.99281
9.17281 0.0748397 2.99292
9.21428 0.0747424 2.99304
9.2555 0.0746154 2.99318
9.29637 0.0744589 2.99333
9.33681 0.0742735 2.9935
9.37672 0.0740601 2.99369
9.416 0.0738202 2.99389
9.45457 0.0735555 2.99411
9.49234 0.0732684 2.99435
9.52922 0.0729614 2.99461
9.56516 0.0726375 2.99489
9.60008 0.0722998 2.99519
9.63395 0.0719518 2.99551
9.66673 0.071597 2.99585
9.69841 0.071239 2.9962
9.72901 0.0708814 2.99657
9.75858 0.0705272 2.99696
9.78718 0.0701794 2.99736
9.81493 0.0698402 2.99777
9.84198 0.069511 2.99818
9.86853 0.0691921 2.99861
9.89484 0.0688825 2.99903
9.88176 0.0670132 2.99369
9.90822 0.0668565 2.99371
9.93474 0.0667054 2.99373
9.96135 0.0665634 2.99375
9.98811 0.0664337 2.99377
10.0151 0.0663192 2.99379
10.0422 0.0662224 2.99382
10.0697 0.0661454 2.99384
10.0975 0.06609 2.99387
10.1256 0.0660577 2.9939
10.1542 0.0660495 2.99393
10.1831 0.066066 2.99397
10.2126 0.0661075 2.994
10.2425 0.066174 2.99403
10.273 0.0662651 2.99407
10.3041 0.0663801 2.99411
10.3357 0.0665177 2.99414
10.3679 0.0666766 2.99418
10.4008 0.0668551 2.99422
10.4343 0.067051 2.99425
10.4684 0.067262 2.99429
10.5032 0.0674857 2.99433
10.5386 0.067719 2.99436
10.5747 0.067959 2.9944
10.6114 0.0682026 2.99444
10.6487 0.0684464 2.99448
10.6866 0.0686868 2.99452
10.7251 0.0689205 2.99457
10.7642 0.0691439 2.99461
10.8038 0.0693535 2.99466
10.8438 0.0695457 2.99471
10.8843 0.0697174 2.99477
10.9251 0.0698652 2.99483
10.9663 0.0699863 2.9949
11.0077 0.0700777 2.99498
11.0492 0.0701372 2.99506
11.0909 0.0701626 2.99515
11.1326 0.0701521 2.99526
11.1743 0.0701045 2.99537
11.2157 0.0700189 2.9955
11.257 0.069895 2.99564
11.2979 0.0697329 2.9958
11.3384 0.0695333 2.99597
11.3783 0.0692975 2.99616
11.4177 0.0690273 2.99636
11.4563 0.0687249 2.99658
11.4941 0.0683933 2.99683
11.5311 0.0680357 2.99709
11.567 0.067656 2.99737
11.602 0.0672582 2.99767
11.6359 0.0668468 2.99799
11.6688 0.0664263 2.99833
11.7005 0.0660014 2.99869
11.7312 0.0655764 2.99906
11.7608 0.0651556 2.99945
11.7894 0.0647427 2.99986
11.8172 0.0643405 3.00028
11.8442 0.0639509 3.0007
11.8708 0.0635742 3.00113
11.8971 0.0632093 3.00157
11.8829 0.0613005 2.99558
11.9093 0.0611441 2.9956
11.9358 0.0609945 2.99562
11.9624 0.0608559 2.99564
11.9891 0.0607323 2.99567
12.016 0.0606271 2.99569
12.0432 0.0605434 2.99572
12.0706 0.0604838 2.99575
12.0983 0.0604505 2.99579
12.1264 0.0604452 2.99583
12.1549 0.0604693 2.99587
12.1839 0.0605237 2.99591
12.2133 0.0606088 2.99595
12.2432 0.0607245 2.996
12.2737 0.0608705 2.99604
12.3047 0.0610459 2.99609
12.3363 0.0612494 2.99614
12.3685 0.0614793 2.99619
12.4013 0.0617336 2.99624
12.4347 0.0620098 2.99629
12.4688 0.0623051 2.99634
12.5036 0.0626165 2.99639
12.539 0.0629405 2.99644
12.575 0.0632736 2.99649
12.6117 0.0636118 2.99654
12.649 0.0639511 2.99659
12.6869 0.0642873 2.99664
12.7254 0.0646162 2.99669
12.7645 0.0649336 2.99675
12.804 0.065235 2.9968
12.8441 0.0655164 2.99686
12.8846 0.0657737 2.99692
12.9255 0.0660029 2.99699
12.9666 0.0662004 2.99706
13.0081 0.0663629 2.99713
13.0497 0.0664873 2.99721
13.0914 0.0665712 2.9973
13.1332 0.0666123 2.9974
13.1749 0.0666092 2.9975
13.2165 0.0665607 2.99762
13.2578 0.0664665 2.99774
13.2988 0.0663267 2.99788
13.3394 0.0661422 2.99804
13.3795 0.0659145 2.9982
13.4189 0.0656459 2.99839
13.4577 0.0653391 2.99859
13.4956 0.0649976 2.9988
13.5327 0.0646255 2.99904
13.5688 0.0642275 2.99929
13.6039 0.0638085 2.99957
13.6379 0.0633738 2.99986
13.6708 0.0629292 3.00017
13.7027 0.06248 3.00049
13.7334 0.0620318 3.00084
13.7631 0.0615896 3.0012
13.7918 0.0611578 3.00157
13.8196 0.0607397 3.00196
13.8468 0.0603375 3.00235
13.8734 0.0599514 3.00275
13.8997 0.0595798 3.00315
13.8848 0.0574609 2.99626
13.9112 0.0573127 2.99628
13.9377 0.0571718 2.9963
13.9643 0.0570429 2.99633
13.991 0.0569303 2.99635
14.0179 0.0568378 2.99639
14.045 0.0567687 2.99642
14.0724 0.0567259 2.99646
14.1001 0.0567117 2.99651
14.1282 0.056728 2.99656
14.1567 0.0567761 2.99661
14.1856 0.056857 2.99667
14.215 0.0569709 2.99674
14.2449 0.0571177 2.99681
14.2753 0.0572968 2.99688
14.3063 0.057507 2.99696
14.3379 0.0577467 2.99704
14.37 0.0580139 2.99713
14.4028 0.058306 2.99721
14.4362 0.0586202 2.99731
14.4703 0.0589531 2.9974
14.505 0.0593011 2.9975
14.5403 0.0596602 2.9976
14.5763 0.0600261 2.9977
14.613 0.0603943 2.99781
14.6502 0.0607602 2.99792
14.6881 0.0611191 2.99803
14.7266 0.0614659 2.99814
14.7656 0.0617959 2.99826
14.8051 0.0621042 2.99837
14.8452 0.062386 2.9985
14.8856 0.062637 2.99862
14.9265 0.0628527 2.99875
14.9676 0.0630293 2.99889
15.0091 0.0631631 2.99903
15.0507 0.0632512 2.99917
15.0924 0.0632908 2.99932
15.1342 0.06328 2.99948
15.1759 0.0632175 2.99965
15.2175 0.0631026 2.99982
15.2589 0.0629353 3
15.2999 0.0627165 3.0002
15.3405 0.0624479 3.0004
15.3807 0.0621318 3.00062
15.4201 0.0617714 3.00084
15.4589 0.0613708 3.00108
15.4969 0.0609347 3.00134
15.534 0.0604684 3.0016
15.5702 0.0599779 3.00188
15.6054 0.0594696 3.00217
15.6395 0.0589503 3.00248
15.6724 0.0584269 3.0028
15.7043 0.0579061 3.00314
15.7351 0.0573944 3.00348
15.7648 0.0568976 3.00384
15.7936 0.0564206 3.00421
15.8215 0.0559669 3.00458
15.8486 0.0555381 3.00496
15.8752 0.0551337 3.00534
15.9016 0.0547501 3.00572
15.8882 0.0560966 2.99701
15.916 0.0559443 2.997
15.9438 0.0557955 2.99699
15.9718 0.0556514 2.99699
15.9999 0.0555134 2.997
16.0282 0.0553825 2.99702
16.0569 0.0552599 2.99706
16.0858 0.0551467 2.9971
16.1151 0.055044 2.99717
16.1449 0.0549532 2.99725
16.1751 0.0548756 2.99734
16.2058 0.054813 2.99746
16.237 0.0547674 2.9976
16.2689 0.0547413 2.99776
16.3013 0.0547375 2.99794
16.3344 0.0547597 2.99814
16.3681 0.0548122 2.99837
16.4025 0.0549 2.99862
16.4375 0.0550292 2.99889
16.4733 0.0552071 2.99918
16.5098 0.0554419 2.9995
16.547 0.0557435 2.99984
16.5849 0.0561232 3.0002
16.6234 0.0565938 3.00059
16.6626 0.0571701 3.00099
16.7025 0.0578687 3.00142
16.7429 0.0587083 3.00187
16.7839 0.0597099 3.00233
16.8253 0.0608966 3.00282
16.8672 0.062294 3.00332
16.9095 0.0639302 3.00384
16.9521 0.0658356 3.00437
16.9948 0.0680434 3.00492
17.0377 0.0705891 3.00548
17.0806 0.0735108 3.00606
17.1235 0.0768489 3.00664
17.1661 0.080646 3.00723
17.2084 0.0849467 3.00782
17.2503 0.0897972 3.00842
17.2916 0.0952453 3.00902
17.3323 0.101339 3.00962
17.3721 0.108129 3.01022
17.4109 0.115661 3.01081
17.4487 0.123985 3.0114
17.4853 0.133145 3.01198
17.5207 0.143185 3.01255
17.5546 0.154143 3.0131
17.5871 0.166052 3.01364
17.618 0.178938 3.01417
17.6474 0.192819 3.01468
17.6753 0.207701 3.01517
17.7016 0.22358 3.01564
17.7265 0.240434 3.0161
17.75 0.258226 3.01653
17.7725 0.276895 3.01695
17.794 0.29636 3.01735
17.815 0.316511 3.01774
17.805 0.304534 3.01358
17.8289 0.328357 3.01386
17.8527 0.352267 3.01413
17.8767 0.376347 3.0144
17.9008 0.400677 3.01465
17.925 0.425331 3.01488
17.9494 0.450381 3.01508
17.9739 0.475893 3.01525
17.9987 0.501928 3.01538
18.0238 0.528542 3.01546
18.0491 0.555785 3.01548
18.0747 0.583698 3.01544
18.1007 0.612318 3.01533
18.1269 0.641671 3.01514
18.1535 0.671776 3.01487
18.1804 0.702643 3.0145
18.2076 0.73427 3.01404
18.2352 0.766647 3.01348
18.263 0.799752 3.01282
18.2912 0.833552 3.01205
18.3197 0.868 3.01117
18.3484 0.90304 3.01017
18.3773 0.9386 3.00907
18.4065 0.974596 3.00785
18.4357 1.01093 3.00653
18.4651 1.04749 3.0051
18.4945 1.08416 3.00358
18.5239 1.1208 3.00197
18.5531 1.15725 3.00027
18.5822 1.19336 2.99851
18.611 1.22896 2.9967
18.6394 1.26387 2.99484
18.6674 1.29789 2.99296
18.6948 1.33084 2.99106
18.7215 1.36252 2.98918
18.7475 1.39272 2.98733
18.7726 1.42126 2.98554
18.7967 1.44795 2.98382
18.8197 1.4726 2.98219
18.8416 1.49505 2.98068
18.8622 1.51517 2.97931
18.8815 1.53284 2.97809
18.8994 1.54799 2.97704
18.9159 1.56057 2.97618
18.9311 1.57061 2.97551
18.945 1.57819 2.97504
18.9576 1.58346 2.97475
18.9691 1.58666 2.97465
18.9798 1.58813 2.97469
18.9899 1.58831 2.97485
18.9735 1.58423 2.96663
18.9915 1.58399 2.9666
19.0097 1.58381 2.96665
19.0282 1.58372 2.96682
19.0474 1.58372 2.96717
19.0674 1.58383 2.96775
19.0885 1.58402 2.9686
19.1107 1.58426 2.96975
19.1344 1.58451 2.97122
19.1596 1.58471 2.97302
19.1866 1.5848 2.97516
19.2156 1.58471 2.97765
19.2466 1.58437 2.98045
19.2798 1.5837 2.98355
19.3153 1.58267 2.98691
19.3532 1.58122 2.99048
19.3934 1.57934 2.99422
19.4359 1.57703 2.99804
19.4807 1.57435 3.00188
19.5275 1.57136 3.00567
19.5763 1.56816 3.00931
19.6268 1.56489 3.01274
19.6787 1.56171 3.01589
19.7318 1.55878 3.0187
19.786 1.55623 3.02114
19.8413 1.55417 3.02322
19.8976 1.55258 3.02499
19.881 1.55237 3.01609
19.9074 1.55223 3.01612
19.9339 1.55209 3.01615
19.9604 1.55197 3.01619
19.9871 1.55186 3.01622
20.0139 1.55177 3.01626
20.041 1.55171 3.0163
20.0684 1.55168 3.01634
20.0961 1.55167 3.01639
20.1242 1.5517 3.01643
20.1526 1.55176 3.01648
20.1815 1.55185 3.01653
20.2109 1.55197 3.01657
20.2407 1.55212 3.01661
20.2711 1.5523 3.01666
20.3021 1.5525 3.01669
20.3336 1.55273 3.01673
20.3658 1.55298 3.01675
20.3986 1.55325 3.01678
20.432 1.55352 3.01679
20.4661 1.5538 3.0168
20.5008 1.55409 3.0168
20.5362 1.55436 3.01679
20.5722 1.55463 3.01677
20.6089 1.55488 3.01675
20.6463 1.55511 3.01671
20.6843 1.55531 3.01667
20.7228 1.55548 3.01661
20.762 1.5556 3.01655
20.8017 1.55568 3.01648
20.8419 1.5557 3.01641
20.8826 1.55567 3.01632
20.9236 1.55558 3.01623
20.9651 1.55542 3.01614
21.0068 1.5552 3.01604
21.0487 1.55491 3.01594
21.0907 1.55454 3.01584
21.1329 1.55411 3.01575
21.175 1.5536 3.01565
21.2169 1.55303 3.01557
21.2587 1.55239 3.01549
21.3002 1.55169 3.01541
21.3412 1.55094 3.01535
21.3818 1.55014 3.01531
21.4217 1.54931 3.01528
21.4609 1.54844 3.01527
21.4994 1.54754 3.01528
21.5369 1.54664 3.01531
21.5735 1.54574 3.01536
21.609 1.54486 3.01544
21.6435 1.544 3.01555
21.6768 1.54317 3.01569
21.709 1.54239 3.01585
21.7401 1.54166 3.01604
21.77 1.541 3.01625
21.799 1.54041 3.01649
21.827 1.53989 3.01675
21.8543 1.53943 3.01703
21.881 1.53904 3.01732
21.9074 1.5387 3.01762
21.8918 1.53821 3.00719
21.9187 1.53807 3.00721
21.9456 1.53795 3.00724
21.9726 1.53784 3.00726
21.9997 1.53775 3.0073
22.0271 1.5377 3.00734
22.0546 1.53767 3.0074
22.0825 1.53768 3.00746
22.1107 1.53774 3.00753
22.1393 1.53783 3.00761
22.1682 1.53798 3.00771
22.1976 1.53816 3.00782
22.2275 1.53839 3.00794
22.258 1.53867 3.00807
22.2889 1.53899 3.00821
22.3205 1.53935 3.00836
22.3526 1.53975 3.00852
22.3853 1.54019 3.0087
22.4187 1.54065 3.00888
22.4528 1.54114 3.00907
22.4875 1.54165 3.00927
22.5229 1.54217 3.00948
22.5589 1.5427 3.0097
22.5957 1.54322 3.00993
22.6331 1.54374 3.01016
22.6711 1.54425 3.0104
22.7098 1.54473 3.01064
22.749 1.54518 3.01089
22.7889 1.5456 3.01114
22.8293 1.54597 3.0114
22.8701 1.54629 3.01167
22.9115 1.54655 3.01193
22.9532 1.54675 3.0122
22.9952 1.54688 3.01248
23.0375 1.54694 3.01275
23.08 1.54692 3.01303
23.1225 1.54682 3.01332
23.1651 1.54664 3.0136
23.2076 1.54639 3.01389
23.25 1.54606 3.01418
23.292 1.54565 3.01447
23.3337 1.54517 3.01476
23.3749 1.54463 3.01505
23.4155 1.54402 3.01535
23.4554 1.54337 3.01565
23.4946 1.54267 3.01594
23.5328 1.54195 3.01624
23.5701 1.5412 3.01655
23.6064 1.54045 3.01685
23.6415 1.5397 3.01715
23.6755 1.53897 3.01746
23.7083 1.53827 3.01777
23.74 1.5376 3.01807
23.7706 1.53699 3.01838
23.8001 1.53643 3.01868
23.8286 1.53593 3.01899
23.8563 1.5355 3.01929
23.8835 1.53512 3.01959
23.9104 1.53478 3.01989
23.8942 1.53431 3.00854
23.921 1.53419 3.00857
23.9479 1.53407 3.00859
23.9749 1.53397 3.00862
24.002 1.53389 3.00866
24.0294 1.53385 3.00871
24.0569 1.53384 3.00876
24.0848 1.53387 3.00883
24.113 1.53394 3.00891
24.1415 1.53406 3.00901
24.1705 1.53423 3.00912
24.1999 1.53444 3.00924
24.2297 1.5347 3.00938
24.2601 1.53501 3.00953
24.291 1.53537 3.00969
24.3225 1.53577 3.00987
24.3546 1.53621 3.01007
24.3874 1.53668 3.01027
24.4207 1.53719 3.01049
24.4547 1.53772 3.01072
24.4894 1.53827 3.01096
24.5247 1.53883 3.01122
24.5607 1.5394 3.01148
24.5974 1.53996 3.01175
24.6347 1.54052 3.01203
24.6727 1.54105 3.01232
24.7114 1.54156 3.01262
24.7506 1.54204 3.01292
24.7904 1.54247 3.01323
24.8307 1.54286 3.01355
24.8716 1.54318 3.01387
24.9128 1.54344 3.0142
24.9545 1.54363 3.01453
24.9965 1.54375 3.01486
25.0388 1.54378 3.01519
25.0813 1.54374 3.01553
25.1238 1.5436 3.01587
25.1664 1.54338 3.01621
25.2089 1.54307 3.01655
25.2513 1.54268 3.01689
25.2934 1.54221 3.01723
25.3351 1.54166 3.01757
25.3763 1.54104 3.0179
25.4169 1.54035 3.01824
25.4569 1.53962 3.01857
25.4961 1.53884 3.01891
25.5344 1.53803 3.01924
25.5717 1.5372 3.01956
25.608 1.53637 3.01989
25.6432 1.53554 3.02021
25.6773 1.53474 3.02052
25.7101 1.53397 3.02084
25.7419 1.53324 3.02114
25.7724 1.53258 3.02145
25.8019 1.53198 3.02175
25.8305 1.53145 3.02205
25.8583 1.53099 3.02234
25.8854 1.53059 3.02262
25.9123 1.53025 3.0229
25.8958 1.52906 3.01097
25.9227 1.52895 3.011
25.9496 1.52885 3.01102
25.9765 1.52876 3.01105
26.0037 1.52871 3.01109
26.031 1.52869 3.01114
26.0586 1.5287 3.0112
26.0864 1.52876 3.01128
26.1146 1.52886 3.01136
26.1431 1.52902 3.01147
26.1721 1.52922 3.01158
26.2015 1.52947 3.01172
26.2314 1.52978 3.01186
26.2617 1.53013 3.01203
26.2927 1.53054 3.01221
26.3241 1.53098 3.0124
26.3562 1.53148 3.01261
26.3889 1.532 3.01283
26.4223 1.53256 3.01307
26.4562 1.53315 3.01331
26.4909 1.53375 3.01358
26.5262 1.53437 3.01385
26.5622 1.53499 3.01413
26.5988 1.53561 3.01443
26.6361 1.53621 3.01473
26.6741 1.53679 3.01504
26.7127 1.53734 3.01536
26.7519 1.53785 3.01569
26.7917 1.53832 3.01602
26.832 1.53872 3.01636
26.8728 1.53907 3.0167
26.9141 1.53934 3.01705
26.9558 1.53953 3.0174
26.9978 1.53963 3.01775
27.0401 1.53965 3.0181
27.0826 1.53958 3.01846
27.1251 1.53941 3.01882
27.1678 1.53914 3.01917
27.2103 1.53878 3.01953
27.2527 1.53833 3.01989
27.2948 1.53778 3.02024
27.3365 1.53715 3.02059
27.3778 1.53644 3.02095
27.4185 1.53567 3.0213
27.4585 1.53483 3.02164
27.4977 1.53395 3.02198
27.5361 1.53303 3.02233
27.5735 1.5321 3.02266
27.6098 1.53115 3.023
27.6451 1.53022 3.02333
27.6792 1.52931 3.02365
27.7121 1.52843 3.02398
27.7438 1.52761 3.0243
27.7744 1.52685 3.02461
27.804 1.52616 3.02492
27.8325 1.52555 3.02523
27.8603 1.52502 3.02553
27.8875 1.52455 3.02583
27.9143 1.52414 3.02612
27.8973 1.52281 3.01339
27.9242 1.52271 3.01341
27.951 1.52263 3.01344
27.978 1.52256 3.01347
28.0052 1.52252 3.01351
28.0325 1.52252 3.01356
28.0601 1.52256 3.01362
28.0879 1.52264 3.0137
28.1161 1.52277 3.0138
28.1446 1.52295 3.0139
28.1736 1.52318 3.01403
28.2029 1.52347 3.01417
28.2328 1.52381 3.01433
28.2632 1.52421 3.01451
28.2941 1.52465 3.01471
28.3255 1.52514 3.01492
28.3576 1.52568 3.01515
28.3903 1.52625 3.01539
28.4236 1.52686 3.01565
28.4576 1.52749 3.01592
28.4922 1.52814 3.01621
28.5275 1.5288 3.01651
28.5635 1.52947 3.01682
28.6001 1.53012 3.01714
28.6374 1.53076 3.01748
28.6753 1.53138 3.01782
28.7139 1.53196 3.01818
28.7531 1.5325 3.01854
28.7929 1.53298 3.0189
28.8332 1.5334 3.01928
28.8741 1.53375 3.01966
28.9153 1.53402 3.02004
28.957 1.5342 3.02042
28.9991 1.53429 3.02081
29.0414 1.53428 3.0212
29.0839 1.53417 3.02159
29.1265 1.53396 3.02199
29.1691 1.53365 3.02238
29.2117 1.53323 3.02276
29.2542 1.53271 3.02315
29.2963 1.53209 3.02353
29.3381 1.53139 3.02392
29.3795 1.53059 3.02429
29.4202 1.52973 3.02466
29.4603 1.5288 3.02503
29.4996 1.52783 3.0254
29.5381 1.52682 3.02575
29.5755 1.52579 3.02611
29.6119 1.52475 3.02645
29.6472 1.52373 3.02679
29.6814 1.52273 3.02713
29.7144 1.52178 3.02746
29.7461 1.52089 3.02778
29.7768 1.52006 3.0281
29.8063 1.51932 3.02841
29.8349 1.51866 3.02871
29.8627 1.51809 3.02901
29.8898 1.51759 3.0293
29.9167 1.51716 3.02958
29.8989 1.51606 3.01576
29.9258 1.51598 3.01579
29.9527 1.5159 3.01582
29.9797 1.51585 3.01586
30.0068 1.51583 3.01591
30.0341 1.51584 3.01596
30.0617 1.51589 3.01604
30.0895 1.516 3.01612
30.1177 1.51615 3.01622
30.1462 1.51636 3.01634
30.1751 1.51663 3.01648
30.2045 1.51696 3.01664
30.2343 1.51734 3.01681
30.2646 1.51779 3.01701
30.2955 1.51828 3.01722
30.327 1.51883 3.01745
30.359 1.51942 3.01769
30.3916 1.52006 3.01796
30.4249 1.52073 3.01823
30.4589 1.52143 3.01853
30.4934 1.52215 3.01884
30.5287 1.52289 3.01916
30.5646 1.52362 3.01949
30.6012 1.52435 3.01984
30.6385 1.52507 3.02019
30.6764 1.52575 3.02056
30.7149 1.5264 3.02093
30.7541 1.52701 3.02131
30.7938 1.52755 3.0217
30.8341 1.52803 3.02209
30.8749 1.52844 3.02249
30.9161 1.52876 3.02288
30.9578 1.52898 3.02328
30.9998 1.52911 3.02368
31.0421 1.52914 3.02409
31.0846 1.52906 3.02448
31.1272 1.52886 3.02488
31.1699 1.52856 3.02528
31.2125 1.52814 3.02567
31.2549 1.52762 3.02605
31.2971 1.52699 3.02643
31.339 1.52627 3.02681
31.3804 1.52545 3.02717
31.4212 1.52456 3.02754
31.4613 1.5236 3.02789
31.5007 1.52259 3.02823
31.5391 1.52154 3.02857
31.5766 1.52047 3.0289
31.6131 1.51939 3.02922
31.6485 1.51832 3.02954
31.6827 1.51728 3.02984
31.7157 1.51629 3.03014
31.7475 1.51536 3.03043
31.7782 1.51451 3.0307
31.8078 1.51374 3.03098
31.8364 1.51306 3.03124
31.8641 1.51247 3.0315
31.8913 1.51197 3.03174
31.9182 1.51153 3.03198
31.8998 1.50749 3.02029
31.9336 1.50735 3.02042
31.9674 1.50723 3.02062
32.0014 1.50716 3.02093
32.0357 1.50715 3.02141
32.0703 1.50721 3.02211
32.1054 1.50736 3.02307
32.1411 1.50761 3.02434
32.1773 1.50796 3.02595
32.2142 1.50842 3.02794
32.2518 1.50898 3.03034
32.2901 1.50965 3.03317
32.3293 1.51042 3.03645
32.3693 1.51129 3.04018
32.4102 1.51223 3.04438
32.452 1.51326 3.04905
32.4946 1.51433 3.05418
32.538 1.51546 3.05974
32.5823 1.5166 3.06572
32.6274 1.51776 3.07207
32.6731 1.5189 3.07877
32.7195 1.52001 3.08574
32.7665 1.52106 3.09294
32.8138 1.52205 3.10028
32.8614 1.52294 3.10768
32.9092 1.52372 3.11504
32.9568 1.52439 3.12227
33.0042 1.52491 3.12923
33.0511 1.52529 3.13581
33.0973 1.52552 3.14187
33.1425 1.52559 3.14727
33.1863 1.52551 3.15186
33.2287 1.52528 3.15547
33.2692 1.5249 3.15797
33.3075 1.5244 3.15918
33.3434 1.52379 3.15896
33.3766 1.52309 3.15715
33.4068 1.52232 3.15361
33.4338 1.52153 3.14824
33.4573 1.52073 3.14092
33.4773 1.51996 3.13158
33.4938 1.51924 3.1202
33.5066 1.5186 3.10676
33.5161 1.51807 3.09134
33.5224 1.51765 3.07407
33.5261 1.51734 3.05512
33.5278 1.51714 3.0348
33.5207 1.51095 3.02456
33.5196 1.51084 2.89956
33.5156 1.5148 2.76281
33.5082 1.52195 2.60636
33.5017 1.52585 2.43097
33.5058 1.51588 2.25121
33.533 1.481 2.09728
33.5925 1.41511 2.006
33.5769 1.41018 1.99141
33.5976 1.38894 1.99135
33.6184 1.36762 1.99136
33.6395 1.34612 1.99153
33.661 1.32437 1.99192
33.683 1.30227 1.99259
33.7056 1.27975 1.9936
33.729 1.25671 1.99499
33.7532 1.23308 1.9968
33.7783 1.20879 1.99907
33.8045 1.18377 2.00181
33.8316 1.15797 2.00505
33.8599 1.13134 2.00879
33.8893 1.10385 2.01301
33.9199 1.07548 2.01771
33.9515 1.04626 2.02286
33.9842 1.0162 2.02841
34.018 0.98536 2.0343
34.0526 0.95383 2.04047
34.088 0.921721 2.04684
34.124 0.889181 2.0533
34.1604 0.856389 2.05974
34.197 0.823562 2.06603
34.2334 0.790947 2.07205
34.2694 0.758826 2.07763
34.3045 0.72751 2.08261
34.3385 0.697335 2.08683
34.3709 0.668653 2.09011
34.4012 0.641825 2.09229
34.4291 0.617209 2.09319
34.4542 0.595144 2.09268
34.4761 0.575929 2.09061
34.4946 0.559805 2.08688
34.5093 0.54692 2.08144
34.5204 0.537303 2.07428
34.5279 0.530821 2.06545
34.5322 0.527134 2.0551
34.534 0.525643 2.04348
34.5249 0.520186 2.03284
34.5119 0.518934 2.0204
34.5353 0.494926 2.02067
34.559 0.470748 2.01982
34.5831 0.446183 2.01674
34.608 0.420983 2.01039
34.6337 0.394878 1.99986
34.6604 0.367602 1.98435
34.6882 0.33892 1.96329
34.7171 0.308658 1.93635
34.7471 0.276747 1.90349
34.7782 0.243265 1.86506
34.81 0.20848 1.82179
34.8422 0.172888 1.77483
34.8741 0.137239 1.72578
34.905 0.102538 1.67664
34.9339 0.0700191 1.6297
34.9595 0.041062 1.58744
34.981 0.0170551 1.55223
34.9971 -0.000833914 1.52601
35.0075 -0.0119902 1.50977
35.0125 -0.0168191 1.5029
34.9985 -0.0205404 1.48918
