0.00106024 0.00228402 0.995891
0.000981275 0.00222135 0.995835
0.00101696 0.00215922 0.995779
0.00128072 0.00209831 0.99572
0.00188478 0.00203935 0.995659
0.00293993 0.00198311 0.995594
0.00455536 0.00193037 0.995524
0.00683845 0.001882 0.995449
0.00989455 0.00183888 0.995368
0.0138268 0.00180197 0.99528
0.0187358 0.00177226 0.995185
0.0247194 0.00175081 0.995084
0.0318724 0.00173873 0.994975
0.0402865 0.00173719 0.994859
0.0500497 0.0017474 0.994736
0.061246 0.00177064 0.994607
0.0739553 0.00180821 0.994471
0.088253 0.00186149 0.99433
0.10421 0.00193187 0.994185
0.12189 0.00202076 0.994035
0.141355 0.00212963 0.993882
0.162657 0.00225992 0.993727
0.185845 0.00241312 0.993572
0.210958 0.00259065 0.993417
0.238032 0.00279397 0.993265
0.26709 0.00302447 0.993115
0.298154 0.00328349 0.992972
0.331232 0.00357231 0.992834
0.366327 0.00389212 0.992706
0.403431 0.00424403 0.992587
0.442529 0.004629 0.992481
0.483594 0.00504789 0.992388
0.526591 0.00550136 0.992311
0.571474 0.00598993 0.992252
0.618187 0.00651391 0.992211
0.666664 0.0070734 0.992191
0.716827 0.00766826 0.992192
0.768589 0.00829811 0.992217
0.821851 0.00896228 0.992267
0.876503 0.00965984 0.992343
0.932426 0.0103895 0.992445
0.989489 0.0111498 0.992575
1.04755 0.0119388 0.992732
1.10646 0.0127543 0.992918
1.16606 0.0135937 0.993131
1.22618 0.0144542 0.993373
1.28663 0.0153325 0.993641
1.34725 0.016225 0.993936
1.40783 0.0171277 0.994256
1.46817 0.0180366 0.994599
1.52809 0.0189471 0.994964
1.58737 0.0198544 0.995348
1.6458 0.0207534 0.995749
1.7032 0.021639 0.996164
1.75934 0.0225059 0.996591
1.81405 0.0233484 0.997025
1.86712 0.0241613 0.997463
1.91839 0.024939 0.997901
1.96768 0.0256763 0.998336
2.01485 0.0263682 0.998763
2.05978 0.0270098 0.999178
2.10235 0.0275971 0.999579
2.1425 0.0281263 0.99996
2.18019 0.0285946 1.00032
2.21541 0.0290001 1.00065
2.24821 0.0293419 1.00096
2.27868 0.0296206 1.00124
2.30696 0.0298382 1.00148
2.33328 0.0299986 1.0017
2.35791 0.0301076 1.00189
2.38122 0.0301735 1.00206
2.40365 0.030207 1.00221
2.40254 0.0234949 1.00154
2.43655 0.0232698 1.00163
2.47065 0.023055 1.00163
2.50495 0.0228599 1.00145
2.53953 0.0226935 1.00101
2.57447 0.0225644 1.00021
2.60987 0.0224809 0.998979
2.6458 0.0224509 0.997247
2.68232 0.0224817 0.994943
2.71949 0.0225804 0.992005
2.75738 0.0227534 0.988379
2.79602 0.0230068 0.984017
2.83544 0.023346 0.978881
2.87568 0.0237758 0.972943
2.91675 0.0243005 0.966186
2.95864 0.0249232 0.958603
3.00133 0.0256465 0.950202
3.04481 0.026472 0.941002
3.08903 0.0274001 0.931039
3.13392 0.0284303 0.920363
3.1794 0.0295605 0.90904
3.22539 0.0307875 0.897155
3.27177 0.0321066 0.884809
3.3184 0.0335115 0.872121
3.36514 0.0349944 0.85923
3.41181 0.0365457 0.846292
3.45823 0.0381542 0.833482
3.50419 0.0398068 0.820993
3.54947 0.0414888 0.809035
3.59383 0.0431839 0.797832
3.63704 0.044874 0.787625
3.67882 0.0465397 0.778662
3.71892 0.0481604 0.771205
3.75708 0.0497145 0.765516
3.79302 0.0511798 0.76186
3.8265 0.0525338 0.760498
3.85728 0.0537547 0.761677
3.88515 0.0548211 0.765627
3.90992 0.0557139 0.772554
3.93145 0.0564163 0.782625
3.94968 0.0569151 0.79596
3.96458 0.0572022 0.812619
3.97622 0.0572753 0.832589
3.98478 0.05714 0.855769
3.99055 0.0568115 0.881947
3.99396 0.0563163 0.910787
3.99561 0.0556944 0.941802
3.99334 0.0582451 0.939711
3.98802 0.0606453 0.940794
4.00629 0.0602989 0.941256
4.0247 0.0599634 0.943341
4.04339 0.0596361 0.948622
4.06252 0.0593045 0.958595
4.08223 0.0589473 0.974653
4.10267 0.0585365 0.998064
4.12398 0.0580393 1.02993
4.14633 0.0574205 1.07115
4.16986 0.0566451 1.1224
4.19473 0.0556809 1.18404
4.22109 0.054501 1.25615
4.24909 0.053087 1.3384
4.27886 0.0514313 1.43008
4.31053 0.0495391 1.53003
4.34421 0.047431 1.63666
4.38 0.0451436 1.74789
4.41796 0.0427305 1.86123
4.45814 0.0402611 1.97378
4.50055 0.037819 2.08236
4.54517 0.0354982 2.18361
4.59196 0.0333974 2.2742
4.64086 0.0316125 2.35108
4.69178 0.030225 2.4118
4.74466 0.0292892 2.455
4.79943 0.0288135 2.48089
4.85612 0.0287395 2.49196
4.84584 0.0253265 2.48731
4.87192 0.0251602 2.48738
4.89806 0.0250023 2.48746
4.9243 0.02486 2.48754
4.95068 0.02474 2.48762
4.97726 0.0246487 2.48769
5.00408 0.0245923 2.48776
5.03117 0.0245766 2.48784
5.0586 0.0246073 2.4879
5.08639 0.0246896 2.48797
5.1146 0.0248283 2.48803
5.14324 0.0250281 2.48809
5.17237 0.025293 2.48815
5.202 0.0256269 2.4882
5.23219 0.0260331 2.48824
5.26294 0.0265146 2.48828
5.29428 0.0270738 2.48832
5.32625 0.0277128 2.48835
5.35884 0.0284331 2.48837
5.39209 0.0292359 2.48839
5.42599 0.0301215 2.48841
5.46055 0.03109 2.48842
5.49579 0.0321409 2.48843
5.53168 0.033273 2.48844
5.56823 0.0344846 2.48844
5.60542 0.0357733 2.48844
5.64324 0.0371363 2.48844
5.68166 0.0385701 2.48843
5.72065 0.0400704 2.48843
5.76018 0.0416325 2.48843
5.8002 0.043251 2.48842
5.84068 0.0449199 2.48842
5.88156 0.0466326 2.48842
5.92278 0.048382 2.48843
5.96428 0.0501602 2.48844
6.00599 0.0519591 2.48845
6.04784 0.0537699 2.48847
6.08976 0.0555833 2.4885
6.13165 0.0573897 2.48853
6.17343 0.0591792 2.48858
6.21501 0.0609415 2.48863
6.2563 0.0626663 2.48869
6.29721 0.0643429 2.48876
6.33764 0.0659611 2.48884
6.37749 0.0675102 2.48894
6.41668 0.0689804 2.48904
6.45511 0.0703617 2.48915
6.4927 0.0716451 2.48928
6.52938 0.0728221 2.48941
6.56508 0.0738853 2.48956
6.59973 0.0748283 2.48972
6.63331 0.0756462 2.48988
6.66577 0.0763357 2.49005
6.69713 0.0768952 2.49023
6.72739 0.0773258 2.49042
6.7566 0.0776306 2.49061
6.78483 0.0778158 2.49081
6.81222 0.0778911 2.49101
6.8389 0.0778694 2.49121
6.86507 0.0777681 2.4914
6.891 0.0776088 2.4916
6.8796 0.0762386 2.48644
6.90609 0.0760886 2.48644
6.93263 0.075942 2.48643
6.95927 0.0758002 2.48643
6.98605 0.0756645 2.48643
7.01302 0.0755359 2.48644
7.04023 0.0754151 2.48645
7.06772 0.0753026 2.48646
7.09553 0.0751989 2.48648
7.1237 0.0751039 2.4865
7.15227 0.0750174 2.48653
7.18128 0.0749391 2.48656
7.21076 0.0748685 2.48661
7.24075 0.0748046 2.48665
7.27126 0.0747466 2.48671
7.30234 0.0746934 2.48677
7.334 0.0746434 2.48685
7.36626 0.0745954 2.48693
7.39914 0.0745477 2.48702
7.43266 0.0744986 2.48712
7.46681 0.0744463 2.48723
7.50162 0.0743888 2.48735
7.53706 0.0743243 2.48748
7.57316 0.0742507 2.48763
7.60988 0.0741661 2.48779
7.64722 0.0740686 2.48796
7.68517 0.0739561 2.48814
7.72368 0.073827 2.48834
7.76274 0.0736794 2.48855
7.80231 0.0735119 2.48878
7.84235 0.0733231 2.48902
7.8828 0.0731117 2.48927
7.92361 0.0728768 2.48954
7.96473 0.0726177 2.48983
8.00609 0.0723342 2.49013
8.04761 0.072026 2.49045
8.08923 0.0716934 2.49078
8.13086 0.0713372 2.49112
8.17242 0.0709583 2.49148
8.21382 0.0705581 2.49185
8.25497 0.0701385 2.49224
8.29578 0.0697016 2.49263
8.33614 0.0692501 2.49304
8.37598 0.068787 2.49345
8.41518 0.0683155 2.49387
8.45368 0.0678392 2.4943
8.49137 0.0673622 2.49474
8.52818 0.0668885 2.49517
8.56404 0.0664222 2.49561
8.5989 0.0659677 2.49605
8.6327 0.0655291 2.49648
8.66541 0.0651104 2.49691
8.69704 0.0647151 2.49734
8.72758 0.0643462 2.49775
8.7571 0.0640062 2.49816
8.78565 0.0636962 2.49856
8.81335 0.0634164 2.49895
8.84036 0.0631654 2.49933
8.86688 0.0629398 2.49969
8.89315 0.0627342 2.50005
8.8813 0.0603083 2.49478
8.90778 0.0601684 2.49482
8.9343 0.0600335 2.49485
8.96093 0.0599066 2.49489
8.9877 0.0597904 2.49492
9.01465 0.0596873 2.49495
9.04185 0.0595994 2.49498
9.06932 0.0595283 2.49501
9.09711 0.0594755 2.49504
9.12527 0.0594421 2.49507
9.15382 0.0594289 2.49509
9.18282 0.0594363 2.49511
9.21228 0.0594644 2.49513
9.24225 0.059513 2.49514
9.27275 0.0595817 2.49515
9.30381 0.0596696 2.49516
9.33545 0.0597757 2.49516
9.3677 0.0598984 2.49516
9.40057 0.0600363 2.49515
9.43407 0.0601873 2.49513
9.46821 0.0603494 2.49512
9.50301 0.0605201 2.49509
9.53845 0.0606971 2.49507
9.57454 0.0608775 2.49504
9.61127 0.0610586 2.49501
9.64863 0.0612375 2.49497
9.68658 0.0614111 2.49493
9.72512 0.0615765 2.49489
9.76421 0.0617307 2.49485
9.80381 0.0618708 2.49481
9.84389 0.0619939 2.49478
9.88439 0.0620974 2.49474
9.92526 0.0621786 2.49471
9.96645 0.0622353 2.49468
10.0079 0.0622654 2.49466
10.0495 0.0622673 2.49465
10.0912 0.0622396 2.49465
10.133 0.0621812 2.49465
10.1746 0.0620916 2.49467
10.2162 0.0619706 2.4947
10.2574 0.0618187 2.49474
10.2984 0.0616365 2.4948
10.3389 0.0614255 2.49487
10.3789 0.0611875 2.49496
10.4182 0.0609248 2.49507
10.4569 0.0606403 2.4952
10.4947 0.0603371 2.49535
10.5317 0.060019 2.49552
10.5677 0.0596899 2.49571
10.6028 0.0593541 2.49592
10.6367 0.0590159 2.49615
10.6696 0.0586799 2.4964
10.7013 0.0583503 2.49667
10.732 0.0580311 2.49696
10.7616 0.057726 2.49726
10.7903 0.0574376 2.49758
10.8181 0.057168 2.49791
10.8452 0.0569176 2.49826
10.8718 0.0566854 2.4986
10.8981 0.0564682 2.49895
10.8864 0.0547793 2.49332
10.9129 0.0546464 2.49334
10.9394 0.0545188 2.49337
10.966 0.0543998 2.49339
10.9928 0.0542923 2.49342
11.0197 0.0541988 2.49345
11.0469 0.0541215 2.49349
11.0743 0.0540623 2.49352
11.1021 0.0540225 2.49356
11.1302 0.0540032 2.49359
11.1588 0.0540052 2.49364
11.1877 0.0540286 2.49368
11.2171 0.0540734 2.49372
11.247 0.0541391 2.49377
11.2775 0.0542249 2.49382
11.3084 0.0543296 2.49387
11.34 0.0544517 2.49392
11.3722 0.0545894 2.49397
11.4049 0.0547404 2.49403
11.4383 0.0549023 2.49408
11.4723 0.0550725 2.49414
11.507 0.055248 2.4942
11.5423 0.0554257 2.49427
11.5783 0.0556022 2.49433
11.6149 0.0557742 2.4944
11.6521 0.055938 2.49447
11.6899 0.0560903 2.49455
11.7282 0.0562275 2.49463
11.7672 0.056346 2.49471
11.8066 0.0564425 2.4948
11.8465 0.0565139 2.49489
11.8868 0.056557 2.49499
11.9275 0.0565693 2.4951
11.9685 0.0565483 2.49521
12.0098 0.056492 2.49533
12.0513 0.0563988 2.49546
12.0928 0.0562676 2.49559
12.1344 0.0560978 2.49574
12.1759 0.0558894 2.4959
12.2173 0.055643 2.49607
12.2585 0.0553597 2.49624
12.2993 0.0550415 2.49643
12.3397 0.0546907 2.49663
12.3796 0.0543104 2.49685
12.4189 0.0539045 2.49707
12.4575 0.0534771 2.49731
12.4952 0.0530332 2.49756
12.5322 0.052578 2.49782
12.5682 0.0521173 2.4981
12.6031 0.0516568 2.49839
12.6371 0.0512027 2.49868
12.6699 0.0507608 2.49899
12.7017 0.0503368 2.49931
12.7324 0.0499358 2.49963
12.762 0.049562 2.49996
12.7907 0.0492187 2.5003
12.8186 0.0489075 2.50064
12.8457 0.0486282 2.50098
12.8723 0.0483779 2.50132
12.8987 0.0481512 2.50166
12.8868 0.0464524 2.49536
12.9133 0.0463243 2.49539
12.9398 0.0462024 2.49541
12.9664 0.0460907 2.49544
12.9932 0.0459929 2.49547
13.0201 0.0459123 2.49551
13.0473 0.0458516 2.49554
13.0747 0.0458134 2.49558
13.1024 0.0457995 2.49563
13.1306 0.0458115 2.49567
13.1591 0.0458503 2.49572
13.188 0.0459166 2.49577
13.2174 0.0460104 2.49583
13.2473 0.0461315 2.49588
13.2777 0.046279 2.49594
13.3087 0.0464518 2.49601
13.3402 0.0466482 2.49607
13.3723 0.0468661 2.49614
13.4051 0.0471031 2.49621
13.4385 0.0473565 2.49629
13.4725 0.047623 2.49636
13.5071 0.0478993 2.49644
13.5424 0.0481817 2.49652
13.5784 0.0484662 2.4966
13.6149 0.0487488 2.49669
13.6521 0.0490252 2.49678
13.6899 0.0492912 2.49687
13.7283 0.0495423 2.49697
13.7672 0.0497743 2.49707
13.8067 0.049983 2.49717
13.8466 0.0501644 2.49728
13.8869 0.0503146 2.49739
13.9276 0.0504301 2.49751
13.9687 0.0505078 2.49764
14.01 0.0505449 2.49777
14.0515 0.0505391 2.49791
14.0931 0.0504887 2.49806
14.1347 0.0503926 2.49821
14.1763 0.0502503 2.49838
14.2178 0.0500619 2.49855
14.259 0.0498284 2.49873
14.2999 0.0495514 2.49893
14.3404 0.0492335 2.49913
14.3804 0.0488777 2.49935
14.4198 0.048488 2.49958
14.4585 0.048069 2.49981
14.4963 0.0476261 2.50007
14.5334 0.047165 2.50033
14.5694 0.0466922 2.5006
14.6045 0.0462144 2.50089
14.6385 0.0457383 2.50118
14.6715 0.0452708 2.50149
14.7033 0.0448185 2.5018
14.7341 0.0443875 2.50213
14.7638 0.043983 2.50246
14.7925 0.0436089 2.50279
14.8204 0.0432678 2.50313
14.8475 0.0429598 2.50347
14.8742 0.0426826 2.50381
14.9006 0.0424305 2.50415
14.8878 0.0403741 2.49666
14.9147 0.0402494 2.49667
14.9416 0.0401322 2.49669
14.9687 0.0400278 2.49671
14.9959 0.039941 2.49673
15.0233 0.039876 2.49675
15.0509 0.0398365 2.49678
15.0788 0.0398257 2.49681
15.1071 0.0398461 2.49685
15.1357 0.0398998 2.4969
15.1648 0.0399883 2.49694
15.1943 0.0401123 2.497
15.2243 0.0402723 2.49706
15.2548 0.0404679 2.49712
15.2858 0.0406983 2.49719
15.3175 0.0409622 2.49727
15.3497 0.0412575 2.49735
15.3825 0.0415818 2.49743
15.416 0.0419322 2.49752
15.4502 0.0423052 2.49762
15.485 0.0426969 2.49772
15.5205 0.0431032 2.49782
15.5566 0.0435193 2.49793
15.5935 0.0439405 2.49804
15.6309 0.0443615 2.49816
15.669 0.0447772 2.49828
15.7078 0.0451819 2.49841
15.7471 0.0455704 2.49854
15.787 0.0459371 2.49868
15.8274 0.0462767 2.49882
15.8683 0.0465842 2.49897
15.9096 0.0468546 2.49913
15.9513 0.0470836 2.49929
15.9933 0.0472669 2.49946
16.0355 0.0474011 2.49964
16.0779 0.0474833 2.49982
16.1203 0.0475112 2.50001
16.1627 0.0474834 2.50021
16.2051 0.047399 2.50042
16.2472 0.0472583 2.50064
16.2891 0.0470623 2.50087
16.3305 0.0468129 2.50111
16.3715 0.0465132 2.50136
16.4118 0.046167 2.50162
16.4515 0.045779 2.50189
16.4904 0.045355 2.50218
16.5283 0.0449012 2.50247
16.5654 0.0444247 2.50278
16.6013 0.0439332 2.50309
16.6362 0.0434346 2.50342
16.67 0.042937 2.50375
16.7026 0.0424483 2.50409
16.7341 0.041976 2.50444
16.7645 0.0415267 2.5048
16.7938 0.0411059 2.50516
16.8223 0.0407171 2.50552
16.8499 0.0403618 2.50589
16.877 0.0400383 2.50625
16.9039 0.0397413 2.5066
16.8919 0.0347069 2.50033
16.9198 0.0345884 2.5004
16.9477 0.0344826 2.50048
16.9758 0.0343994 2.50055
17.004 0.0343475 2.50062
17.0325 0.0343343 2.50069
17.0612 0.0343663 2.50076
17.0902 0.0344484 2.50083
17.1196 0.0345841 2.50088
17.1494 0.0347758 2.50094
17.1796 0.0350241 2.50098
17.2103 0.035328 2.50102
17.2415 0.0356849 2.50104
17.2732 0.0360906 2.50105
17.3055 0.036539 2.50104
17.3384 0.037022 2.50102
17.372 0.0375298 2.50098
17.4061 0.0380505 2.50093
17.441 0.0385702 2.50085
17.4764 0.039073 2.50075
17.5126 0.0395407 2.50063
17.5493 0.0399531 2.50048
17.5868 0.040288 2.50032
17.6248 0.0405208 2.50013
17.6635 0.0406249 2.49992
17.7027 0.0405715 2.49969
17.7425 0.04033 2.49943
17.7828 0.0398674 2.49916
17.8236 0.0391491 2.49887
17.8647 0.0381386 2.49856
17.9062 0.0367977 2.49824
17.9479 0.0350867 2.49791
17.9898 0.0329645 2.49757
18.0318 0.030389 2.49722
18.0738 0.027317 2.49687
18.1157 0.0237049 2.49652
18.1574 0.0195088 2.49617
18.1987 0.0146846 2.49584
18.2396 0.00918887 2.49552
18.28 0.00297906 2.49521
18.3197 -0.00398611 2.49493
18.3586 -0.011746 2.49468
18.3966 -0.0203374 2.49445
18.4336 -0.0297941 2.49427
18.4694 -0.0401461 2.49412
18.504 -0.0514187 2.49401
18.5372 -0.0636319 2.49395
18.5691 -0.0767996 2.49394
18.5995 -0.090928 2.49399
18.6285 -0.106016 2.49408
18.6559 -0.122052 2.49422
18.6819 -0.139014 2.49442
18.7066 -0.15687 2.49466
18.73 -0.175573 2.49495
18.7524 -0.195061 2.49527
18.774 -0.215258 2.49562
18.795 -0.236069 2.49599
18.7815 -0.238934 2.48624
18.8044 -0.262148 2.48623
18.8274 -0.285408 2.48622
18.8503 -0.30876 2.48622
18.8733 -0.33225 2.48622
18.8964 -0.355924 2.48624
18.9195 -0.379826 2.48628
18.9428 -0.403997 2.48632
18.9661 -0.42848 2.48639
18.9896 -0.453312 2.48648
19.0132 -0.478531 2.48658
19.0369 -0.504171 2.48671
19.0608 -0.530261 2.48685
19.0849 -0.556828 2.48702
19.1091 -0.583895 2.4872
19.1335 -0.611478 2.48741
19.1581 -0.639591 2.48764
19.1829 -0.668239 2.48789
19.2079 -0.69742 2.48815
19.2331 -0.727129 2.48844
19.2584 -0.757348 2.48874
19.284 -0.788054 2.48906
19.3097 -0.819213 2.4894
19.3357 -0.850783 2.48976
19.3617 -0.882711 2.49013
19.388 -0.914934 2.49052
19.4143 -0.947379 2.49093
19.4408 -0.979958 2.49135
19.4674 -1.01258 2.49179
19.494 -1.04513 2.49225
19.5206 -1.07749 2.49272
19.5472 -1.10954 2.49321
19.5738 -1.14114 2.49373
19.6003 -1.17213 2.49426
19.6266 -1.20236 2.49482
19.6527 -1.23168 2.49541
19.6785 -1.2599 2.49602
19.7041 -1.28687 2.49666
19.7292 -1.31241 2.49734
19.754 -1.33637 2.49804
19.7783 -1.35857 2.49879
19.8021 -1.37888 2.49957
19.8253 -1.39717 2.50039
19.8479 -1.41334 2.50126
19.8699 -1.4273 2.50216
19.8912 -1.43902 2.50312
19.912 -1.4485 2.50411
19.9322 -1.45581 2.50515
19.9518 -1.46108 2.50622
19.971 -1.46449 2.50733
19.9899 -1.46636 2.50846
20.0086 -1.46707 2.50962
19.9932 -1.47056 2.50005
20.0173 -1.47068 2.50003
20.0415 -1.47077 2.50002
20.0659 -1.47079 2.50003
20.0905 -1.47074 2.50006
20.1155 -1.47058 2.50011
20.141 -1.4703 2.50019
20.1671 -1.46989 2.5003
20.1937 -1.46934 2.50044
20.2211 -1.46865 2.50061
20.2492 -1.46781 2.50081
20.2782 -1.46682 2.50104
20.308 -1.4657 2.5013
20.3388 -1.46446 2.50159
20.3706 -1.4631 2.50191
20.4034 -1.46165 2.50225
20.4373 -1.46013 2.50261
20.4722 -1.45856 2.50299
20.5082 -1.45697 2.50339
20.5452 -1.45539 2.5038
20.5833 -1.45384 2.50422
20.6224 -1.45235 2.50466
20.6623 -1.45095 2.50511
20.7032 -1.44967 2.50556
20.7448 -1.44853 2.50603
20.787 -1.44756 2.5065
20.8299 -1.44677 2.50699
20.8731 -1.44619 2.50749
20.9165 -1.44581 2.508
20.9601 -1.44564 2.50853
21.0036 -1.44569 2.50909
21.0469 -1.44595 2.50967
21.0898 -1.44639 2.51028
21.1321 -1.44701 2.51093
21.1738 -1.44779 2.51161
21.2147 -1.44868 2.51234
21.2549 -1.44966 2.51311
21.2943 -1.4507 2.51393
21.3329 -1.45176 2.51479
21.3711 -1.45283 2.51568
21.4092 -1.45388 2.51659
21.3928 -1.45432 2.50662
21.4265 -1.45442 2.50645
21.4602 -1.45453 2.50628
21.4942 -1.45467 2.50613
21.5283 -1.45485 2.50599
21.5628 -1.45511 2.50587
21.5976 -1.45544 2.50577
21.6329 -1.45589 2.5057
21.6687 -1.45645 2.50564
21.705 -1.45716 2.50562
21.7419 -1.45803 2.50562
21.7794 -1.45908 2.50565
21.8177 -1.46033 2.5057
21.8566 -1.46178 2.50578
21.8962 -1.46346 2.50589
21.9365 -1.46538 2.50602
21.9776 -1.46754 2.50617
22.0193 -1.46995 2.50635
22.0618 -1.47262 2.50655
22.1049 -1.47553 2.50677
22.1485 -1.47869 2.50701
22.1927 -1.48207 2.50727
22.2374 -1.48566 2.50756
22.2824 -1.48944 2.50786
22.3277 -1.49338 2.50819
22.373 -1.49743 2.50854
22.4184 -1.50155 2.50891
22.4635 -1.50568 2.5093
22.5083 -1.50977 2.50972
22.5526 -1.51374 2.51016
22.5961 -1.51752 2.51064
22.6386 -1.52102 2.51114
22.68 -1.52416 2.51168
22.7199 -1.52684 2.51226
22.7582 -1.52896 2.51287
22.7947 -1.53043 2.51352
22.8291 -1.53115 2.51422
22.8612 -1.53101 2.51496
22.8909 -1.52994 2.51575
22.918 -1.52785 2.51658
22.9425 -1.52468 2.51747
22.9643 -1.52039 2.5184
22.9834 -1.51495 2.51938
23.0001 -1.5084 2.52039
23.0145 -1.50077 2.52144
23.027 -1.49219 2.52252
23.0381 -1.48283 2.52362
23.0272 -1.49107 2.51621
23.0518 -1.46617 2.51646
23.0764 -1.44055 2.5167
23.101 -1.41359 2.51687
23.1256 -1.38484 2.51691
23.1502 -1.35394 2.51675
23.1747 -1.32074 2.51632
23.1993 -1.28528 2.51554
23.224 -1.2478 2.51436
23.2488 -1.20879 2.51276
23.2738 -1.16895 2.51074
23.2991 -1.12918 2.50835
23.3247 -1.0906 2.50569
23.3505 -1.05443 2.50292
23.3764 -1.02196 2.50025
23.4023 -0.994448 2.49794
23.4279 -0.972926 2.49625
23.453 -0.958056 2.49543
23.4775 -0.949874 2.49565
23.5014 -0.947497 2.49689
23.4871 -0.953249 2.48728
23.5051 -0.953434 2.48734
23.5234 -0.953519 2.48744
23.542 -0.953435 2.48762
23.5612 -0.95313 2.48791
23.581 -0.952576 2.48833
23.6017 -0.951765 2.48889
23.6235 -0.950712 2.4896
23.6465 -0.949453 2.49046
23.6709 -0.948043 2.49148
23.6969 -0.946557 2.49265
23.7247 -0.945079 2.49394
23.7544 -0.943704 2.49535
23.7861 -0.94253 2.49686
23.8201 -0.941648 2.49845
23.8563 -0.941141 2.50008
23.8948 -0.941073 2.50175
23.9357 -0.941483 2.50343
23.9789 -0.942377 2.50509
24.0243 -0.943728 2.50672
24.0718 -0.945467 2.50831
24.1212 -0.947492 2.50983
24.1722 -0.94967 2.51131
24.2247 -0.951846 2.51272
24.2785 -0.953871 2.51409
24.3336 -0.955621 2.51541
24.3899 -0.957044 2.5167
24.374 -0.959722 2.50508
24.4004 -0.959804 2.50506
24.4268 -0.959876 2.50505
24.4534 -0.959933 2.50503
24.4801 -0.959969 2.50503
24.507 -0.95998 2.50504
24.5341 -0.959962 2.50505
24.5615 -0.959912 2.50508
24.5893 -0.959828 2.50513
24.6174 -0.959708 2.50519
24.6459 -0.959552 2.50526
24.6749 -0.959359 2.50536
24.7044 -0.959132 2.50547
24.7343 -0.95887 2.50559
24.7649 -0.958578 2.50573
24.796 -0.958257 2.50589
24.8277 -0.957913 2.50607
24.86 -0.957549 2.50626
24.893 -0.957171 2.50647
24.9266 -0.956784 2.5067
24.9609 -0.956396 2.50694
24.9959 -0.956013 2.50719
25.0315 -0.955642 2.50746
25.0679 -0.955291 2.50775
25.1049 -0.954967 2.50804
25.1426 -0.954679 2.50835
25.1809 -0.954433 2.50867
25.2199 -0.954239 2.50899
25.2594 -0.954104 2.50933
25.2996 -0.954033 2.50968
25.3402 -0.954036 2.51004
25.3813 -0.954116 2.5104
25.4229 -0.954281 2.51078
25.4648 -0.954534 2.51116
25.5071 -0.954878 2.51154
25.5495 -0.955317 2.51193
25.5922 -0.95585 2.51233
25.6349 -0.95648 2.51273
25.6775 -0.957202 2.51313
25.7201 -0.958016 2.51354
25.7625 -0.958915 2.51395
25.8045 -0.959895 2.51437
25.8461 -0.960946 2.51479
25.8873 -0.962061 2.51521
25.9277 -0.963229 2.51563
25.9675 -0.964437 2.51606
26.0064 -0.965673 2.51649
26.0445 -0.966923 2.51692
26.0815 -0.968171 2.51735
26.1174 -0.969401 2.51779
26.1523 -0.9706 2.51823
26.1859 -0.971752 2.51867
26.2183 -0.972843 2.51911
26.2496 -0.97386 2.51956
26.2797 -0.974794 2.52001
26.3087 -0.975638 2.52045
26.3367 -0.976389 2.5209
26.364 -0.977049 2.52135
26.3906 -0.977627 2.52179
26.417 -0.97814 2.52223
26.4 -0.980924 2.50966
26.4268 -0.980996 2.50963
26.4537 -0.981056 2.5096
26.4807 -0.981094 2.50958
26.5078 -0.981104 2.50956
26.5352 -0.981078 2.50956
26.5627 -0.981011 2.50957
26.5906 -0.980897 2.50959
26.6187 -0.980733 2.50963
26.6473 -0.980515 2.50968
26.6763 -0.980241 2.50975
26.7057 -0.979911 2.50984
26.7355 -0.979524 2.50994
26.7659 -0.97908 2.51006
26.7969 -0.978583 2.5102
26.8284 -0.978034 2.51036
26.8605 -0.977437 2.51053
26.8933 -0.976798 2.51072
26.9266 -0.976121 2.51093
26.9607 -0.975412 2.51115
26.9954 -0.97468 2.51138
27.0307 -0.973932 2.51163
27.0668 -0.973175 2.51189
27.1035 -0.97242 2.51217
27.1409 -0.971674 2.51245
27.1789 -0.970949 2.51275
27.2176 -0.970252 2.51306
27.2569 -0.969594 2.51337
27.2967 -0.968985 2.5137
27.3372 -0.968434 2.51403
27.3781 -0.96795 2.51437
27.4194 -0.96754 2.51472
27.4612 -0.967213 2.51507
27.5033 -0.966976 2.51543
27.5457 -0.966834 2.5158
27.5882 -0.966792 2.51617
27.6309 -0.966853 2.51654
27.6736 -0.967019 2.51692
27.7162 -0.967292 2.5173
27.7587 -0.967668 2.51768
27.8009 -0.968147 2.51807
27.8427 -0.968722 2.51847
27.884 -0.969388 2.51887
27.9248 -0.970137 2.51927
27.9648 -0.97096 2.51968
28.0041 -0.971844 2.52009
28.0425 -0.972777 2.52051
28.0799 -0.973746 2.52093
28.1162 -0.974736 2.52136
28.1515 -0.975732 2.5218
28.1855 -0.976718 2.52224
28.2184 -0.977679 2.52269
28.2501 -0.978602 2.52315
28.2806 -0.979474 2.52361
28.3101 -0.980285 2.52408
28.3386 -0.981029 2.52455
28.3662 -0.981705 2.52502
28.3933 -0.982316 2.5255
28.42 -0.982874 2.52597
28.4022 -0.985574 2.51237
28.429 -0.985636 2.51234
28.4559 -0.985684 2.51231
28.4829 -0.985711 2.51228
28.51 -0.985708 2.51227
28.5373 -0.985668 2.51227
28.5649 -0.985585 2.51228
28.5927 -0.985455 2.5123
28.6209 -0.985273 2.51234
28.6494 -0.985035 2.5124
28.6783 -0.984741 2.51248
28.7077 -0.984388 2.51257
28.7376 -0.983977 2.51269
28.768 -0.98351 2.51282
28.7989 -0.982988 2.51297
28.8304 -0.982414 2.51314
28.8625 -0.981793 2.51333
28.8952 -0.98113 2.51354
28.9285 -0.980431 2.51376
28.9625 -0.979703 2.514
28.9972 -0.978952 2.51426
29.0325 -0.978189 2.51453
29.0685 -0.977422 2.51482
29.1052 -0.976659 2.51511
29.1425 -0.975912 2.51543
29.1805 -0.975189 2.51575
29.2192 -0.974503 2.51609
29.2584 -0.973861 2.51643
29.2983 -0.973276 2.51678
29.3387 -0.972755 2.51714
29.3796 -0.972309 2.51751
29.4209 -0.971947 2.51789
29.4627 -0.971676 2.51827
29.5048 -0.971502 2.51866
29.5472 -0.971433 2.51905
29.5898 -0.971471 2.51944
29.6325 -0.971621 2.51984
29.6752 -0.971884 2.52024
29.7178 -0.972259 2.52065
29.7603 -0.972745 2.52106
29.8026 -0.973338 2.52147
29.8444 -0.974032 2.52188
29.8858 -0.97482 2.5223
29.9266 -0.975693 2.52271
29.9667 -0.976639 2.52313
30.0061 -0.977646 2.52356
30.0445 -0.9787 2.52398
30.082 -0.979784 2.52442
30.1184 -0.980884 2.52485
30.1537 -0.981982 2.52529
30.1878 -0.983061 2.52573
30.2207 -0.984104 2.52618
30.2524 -0.985098 2.52663
30.283 -0.986029 2.52709
30.3125 -0.986886 2.52755
30.341 -0.987663 2.52801
30.3686 -0.98836 2.52847
30.3957 -0.988982 2.52893
30.4224 -0.989542 2.52939
30.4038 -0.992235 2.51476
30.4306 -0.992285 2.51473
30.4575 -0.992321 2.5147
30.4844 -0.992334 2.51467
30.5116 -0.992316 2.51466
30.5389 -0.99226 2.51466
30.5664 -0.992158 2.51467
30.5942 -0.992006 2.5147
30.6224 -0.991798 2.51475
30.6509 -0.991533 2.51481
30.6798 -0.991208 2.5149
30.7092 -0.990822 2.515
30.739 -0.990374 2.51513
30.7694 -0.989867 2.51528
30.8003 -0.989302 2.51545
30.8317 -0.988684 2.51563
30.8638 -0.988016 2.51584
30.8965 -0.987304 2.51607
30.9298 -0.986554 2.51632
30.9638 -0.985775 2.51658
30.9984 -0.984973 2.51686
31.0337 -0.984159 2.51716
31.0697 -0.983341 2.51748
31.1063 -0.98253 2.51781
31.1437 -0.981736 2.51815
31.1816 -0.98097 2.51851
31.2203 -0.980243 2.51887
31.2595 -0.979566 2.51925
31.2993 -0.978949 2.51964
31.3397 -0.978402 2.52003
31.3806 -0.977937 2.52044
31.422 -0.977561 2.52084
31.4637 -0.977282 2.52126
31.5058 -0.977109 2.52168
31.5482 -0.977047 2.5221
31.5908 -0.9771 2.52253
31.6335 -0.977273 2.52296
31.6763 -0.977565 2.52339
31.719 -0.977977 2.52382
31.7615 -0.978507 2.52426
31.8038 -0.979149 2.52469
31.8458 -0.9799 2.52512
31.8872 -0.980748 2.52556
31.9281 -0.981686 2.52599
31.9683 -0.9827 2.52643
32.0077 -0.983776 2.52686
32.0462 -0.9849 2.5273
32.0837 -0.986054 2.52774
32.1202 -0.987222 2.52818
32.1556 -0.988384 2.52862
32.1898 -0.989523 2.52906
32.2227 -0.990621 2.5295
32.2545 -0.991662 2.52994
32.2851 -0.992632 2.53039
32.3146 -0.99352 2.53083
32.3431 -0.994321 2.53128
32.3708 -0.995033 2.53172
32.3979 -0.995662 2.53217
32.4246 -0.996224 2.5326
32.4113 -0.998725 2.52085
32.4451 -0.998805 2.52097
32.479 -0.998864 2.52113
32.513 -0.998882 2.52135
32.5474 -0.998844 2.52165
32.5821 -0.998738 2.52207
32.6173 -0.998554 2.52263
32.653 -0.998284 2.52334
32.6892 -0.997924 2.52423
32.7261 -0.99747 2.5253
32.7637 -0.996925 2.52658
32.802 -0.996291 2.52806
32.8411 -0.995574 2.52977
32.881 -0.994782 2.53169
32.9217 -0.993927 2.53384
32.9633 -0.993022 2.53621
33.0057 -0.992082 2.53878
33.0489 -0.991122 2.54157
33.0929 -0.990162 2.54453
33.1377 -0.98922 2.54767
33.1831 -0.988317 2.55096
33.2291 -0.987472 2.55436
33.2755 -0.986704 2.55784
33.3224 -0.986034 2.56138
33.3695 -0.985478 2.56492
33.4167 -0.985053 2.56842
33.4637 -0.984772 2.57183
33.5105 -0.984646 2.57508
33.5567 -0.984684 2.57813
33.6022 -0.984889 2.5809
33.6467 -0.98526 2.58332
33.6899 -0.985795 2.58533
33.7315 -0.986483 2.58685
33.7713 -0.987311 2.58781
33.809 -0.988261 2.58813
33.8442 -0.989309 2.58774
33.8767 -0.990428 2.58657
33.9063 -0.991589 2.58456
33.9327 -0.992757 2.58164
33.9558 -0.993899 2.57779
33.9753 -0.994979 2.57296
33.9914 -0.995967 2.56714
34.0039 -0.996833 2.56033
34.0131 -0.997557 2.55256
34.0192 -0.998128 2.5439
34.0228 -0.99855 2.53444
34.0243 -0.998846 2.52431
34.0167 -1.00186 2.51263
34.0036 -1.00447 2.50084
34.0281 -0.979364 2.501
34.053 -0.953633 2.50026
34.0786 -0.926788 2.49774
34.1051 -0.898477 2.49259
34.1329 -0.868502 2.48401
34.1621 -0.836837 2.47131
34.1928 -0.803639 2.45396
34.2251 -0.769254 2.43162
34.2588 -0.734207 2.40417
34.2937 -0.699192 2.3718
34.3293 -0.66504 2.33499
34.365 -0.632677 2.29458
34.3998 -0.603061 2.25174
34.4326 -0.577117 2.20795
34.462 -0.555637 2.16487
34.4866 -0.539181 2.12424
34.5051 -0.527957 2.08756
34.517 -0.52169 2.05578
34.5224 -0.519488 2.02877
34.5135 -0.522726 2.01773
34.504 -0.525961 2.00656
34.5275 -0.502104 2.00681
34.5513 -0.477642 2.00595
34.5756 -0.452075 2.00291
34.6006 -0.425026 1.99666
34.6265 -0.39625 1.98629
34.6533 -0.36565 1.97103
34.6812 -0.333291 1.95028
34.7103 -0.299404 1.92373
34.7403 -0.26439 1.89133
34.7713 -0.228811 1.85341
34.803 -0.193375 1.81068
34.8348 -0.158911 1.76429
34.8663 -0.126324 1.71581
34.8966 -0.096547 1.66723
34.9247 -0.0704727 1.62084
34.9497 -0.0488681 1.57909
34.9703 -0.0322778 1.54437
34.9858 -0.0209097 1.51863
34.9956 -0.014504 1.50286
35.0001 -0.0121895 1.49645
34.9857 -0.01606 1.4824
