0.00310548 -0.00296107 0.992662
0.00300358 -0.00309691 0.992697
0.00318756 -0.00321812 0.992731
0.003939 -0.00330837 0.992762
0.00553387 -0.00335155 0.992788
0.00824115 -0.00333182 0.992807
0.0123214 -0.00323368 0.99282
0.0180248 -0.00304205 0.992826
0.0255899 -0.00274234 0.992825
0.0352412 -0.00232057 0.992817
0.0471871 -0.00176351 0.992805
0.0616179 -0.00105884 0.99279
0.0787035 -0.000195332 0.992773
0.0985905 0.000836936 0.992757
0.1214 0.00204638 0.992745
0.147226 0.00343964 0.992739
0.176131 0.00502137 0.992743
0.208144 0.0067939 0.992759
0.243261 0.00875704 0.992789
0.281438 0.0109078 0.992838
0.322594 0.01324 0.992907
0.366604 0.0157444 0.992998
0.413305 0.0184079 0.993113
0.462489 0.0212141 0.993251
0.513906 0.0241425 0.993414
0.567266 0.027169 0.993601
0.622239 0.0302656 0.993808
0.678459 0.0334008 0.994033
0.73553 0.0365399 0.994272
0.793027 0.039645 0.994519
0.850512 0.0426762 0.994767
0.907535 0.0455923 0.99501
0.963652 0.0483515 0.995238
1.01844 0.050913 0.995442
1.0715 0.0532386 0.995614
1.1225 0.0552945 0.995744
1.17119 0.0570539 0.995823
1.21741 0.0584993 0.995845
1.26116 0.0596262 0.995805
1.30259 0.0604461 0.995703
1.34207 0.0609914 0.995543
1.38025 0.0613197 0.995335
1.37713 0.0555407 0.992549
1.4036 0.0553576 0.99253
1.43012 0.055178 0.99251
1.45674 0.055004 0.992488
1.48351 0.0548377 0.992462
1.51048 0.0546809 0.992431
1.53769 0.0545357 0.992395
1.56519 0.0544036 0.992351
1.59302 0.0542866 0.992299
1.62123 0.054186 0.992239
1.64986 0.0541034 0.992169
1.67894 0.0540402 0.992089
1.70851 0.0539977 0.991999
1.7386 0.0539771 0.991898
1.76924 0.0539795 0.991787
1.80046 0.054006 0.991665
1.83229 0.0540574 0.991532
1.86475 0.0541344 0.991388
1.89784 0.0542378 0.991235
1.9316 0.0543681 0.991073
1.96602 0.0545257 0.990901
2.0011 0.0547109 0.990722
2.03686 0.0549237 0.990537
2.07328 0.0551642 0.990346
2.11036 0.0554322 0.99015
2.14808 0.0557273 0.989952
2.18641 0.056049 0.989753
2.22534 0.0563966 0.989554
2.26483 0.0567691 0.989357
2.30484 0.0571655 0.989165
2.34532 0.0575846 0.988977
2.38623 0.0580247 0.988798
2.42752 0.0584842 0.988629
2.46911 0.0589612 0.988471
2.51094 0.0594536 0.988326
2.55294 0.059959 0.988197
2.59502 0.0604751 0.988085
2.63712 0.0609991 0.987992
2.67913 0.0615282 0.98792
2.72097 0.0620593 0.98787
2.76254 0.0625892 0.987844
2.80375 0.0631149 0.987842
2.84449 0.0636327 0.987866
2.88469 0.0641394 0.987916
2.92423 0.0646316 0.987993
2.96303 0.0651057 0.988097
3.00099 0.0655586 0.988228
3.03805 0.0659869 0.988386
3.07412 0.0663878 0.98857
3.10916 0.0667584 0.988779
3.1431 0.0670965 0.989011
3.17593 0.0674 0.989266
3.20764 0.0676677 0.989542
3.23824 0.0678987 0.989835
3.26778 0.0680931 0.990144
3.29634 0.0682519 0.990467
3.32402 0.0683771 0.9908
3.35099 0.0684718 0.99114
3.37745 0.0685407 0.991485
3.40366 0.0685899 0.991833
3.39523 0.0663498 0.987173
3.42217 0.0662096 0.987172
3.44916 0.066072 0.98717
3.47625 0.0659379 0.987168
3.50349 0.0658082 0.987164
3.53093 0.0656834 0.987159
3.55862 0.0655641 0.987152
3.5866 0.0654506 0.987143
3.61491 0.0653432 0.987134
3.64361 0.0652419 0.987122
3.67273 0.0651468 0.98711
3.70231 0.0650578 0.987096
3.73238 0.0649745 0.987082
3.76297 0.0648967 0.987068
3.79413 0.064824 0.987054
3.82587 0.0647557 0.987042
3.85822 0.0646915 0.987031
3.89119 0.0646305 0.987024
3.92482 0.0645721 0.98702
3.9591 0.0645155 0.987021
3.99404 0.06446 0.987028
4.02965 0.0644047 0.987042
4.06594 0.0643487 0.987064
4.10288 0.0642914 0.987096
4.14047 0.0642317 0.987138
4.17869 0.064169 0.987193
4.21751 0.0641026 0.987261
4.25692 0.0640317 0.987344
4.29687 0.0639558 0.987442
4.33732 0.0638743 0.987557
4.37822 0.0637868 0.987691
4.41952 0.0636931 0.987843
4.46117 0.063593 0.988015
4.50308 0.0634865 0.988207
4.5452 0.0633739 0.98842
4.58744 0.0632553 0.988654
4.62972 0.0631314 0.98891
4.67196 0.0630029 0.989186
4.71406 0.0628706 0.989484
4.75592 0.0627357 0.989802
4.79746 0.0625995 0.99014
4.83857 0.0624635 0.990496
4.87915 0.0623292 0.990868
4.91911 0.0621986 0.991257
4.95835 0.0620736 0.991659
4.99678 0.0619561 0.992073
5.03431 0.0618485 0.992496
5.07087 0.0617527 0.992925
5.1064 0.0616708 0.993359
5.14085 0.061605 0.993795
5.17418 0.0615569 0.994229
5.20639 0.0615281 0.99466
5.23748 0.0615198 0.995084
5.2675 0.0615325 0.9955
5.29652 0.0615664 0.995906
5.32465 0.0616207 0.9963
5.35206 0.0616935 0.996681
5.37896 0.0617821 0.997051
5.40559 0.0618821 0.997409
5.39705 0.0601682 0.992109
5.42402 0.060064 0.992119
5.45104 0.059962 0.992127
5.47816 0.0598627 0.992134
5.50543 0.0597667 0.992139
5.53289 0.0596743 0.992141
5.5606 0.0595855 0.992141
5.58859 0.0595002 0.992137
5.61692 0.0594183 0.99213
5.64562 0.0593392 0.99212
5.67474 0.0592623 0.992105
5.7043 0.0591871 0.992087
5.73435 0.0591124 0.992064
5.76492 0.0590374 0.992038
5.79604 0.0589609 0.992008
5.82773 0.0588816 0.991975
5.86003 0.0587982 0.991939
5.89294 0.0587093 0.991901
5.92648 0.0586134 0.991861
5.96067 0.058509 0.991821
5.99552 0.0583946 0.99178
6.03103 0.0582686 0.99174
6.06719 0.0581296 0.991702
6.10401 0.0579761 0.991666
6.14147 0.0578067 0.991635
6.17955 0.0576202 0.991608
6.21823 0.0574154 0.991588
6.25748 0.0571916 0.991576
6.29727 0.0569478 0.991572
6.33755 0.0566836 0.991578
6.37829 0.0563987 0.991595
6.41943 0.0560932 0.991625
6.4609 0.0557673 0.991668
6.50265 0.0554217 0.991725
6.54461 0.0550575 0.991797
6.58669 0.054676 0.991885
6.62882 0.054279 0.99199
6.67091 0.0538687 0.992112
6.71286 0.0534476 0.992252
6.7546 0.0530188 0.992408
6.79602 0.0525857 0.992583
6.83702 0.0521518 0.992774
6.87751 0.0517214 0.992982
6.91738 0.0512987 0.993206
6.95656 0.0508884 0.993445
6.99493 0.0504953 0.993698
7.03243 0.0501242 0.993963
7.06897 0.0497799 0.994239
7.1045 0.0494672 0.994524
7.13896 0.0491905 0.994816
7.17232 0.0489537 0.995113
7.20457 0.0487604 0.995414
7.23571 0.0486128 0.995715
7.2658 0.0485124 0.996016
7.2949 0.0484594 0.996313
7.32312 0.0484519 0.996606
7.35063 0.0484862 0.996893
7.37763 0.0485563 0.997174
7.40437 0.0486532 0.997447
7.39537 0.0472318 0.991359
7.42234 0.0471373 0.991369
7.44935 0.0470462 0.991378
7.47646 0.0469604 0.991387
7.50372 0.0468816 0.991395
7.53118 0.0468111 0.991403
7.55888 0.04675 0.99141
7.58687 0.0466992 0.991416
7.61519 0.0466593 0.991421
7.64388 0.0466306 0.991425
7.67299 0.0466132 0.991428
7.70255 0.0466069 0.991431
7.73259 0.0466114 0.991434
7.76315 0.0466259 0.991436
7.79426 0.0466497 0.991437
7.82595 0.0466816 0.99144
7.85823 0.0467203 0.991443
7.89114 0.0467644 0.991448
7.92467 0.0468123 0.991455
7.95886 0.0468621 0.991464
7.99371 0.046912 0.991477
8.02921 0.0469599 0.991494
8.06538 0.0470037 0.991516
8.10219 0.0470414 0.991544
8.13966 0.0470708 0.99158
8.17774 0.0470898 0.991622
8.21644 0.0470964 0.991674
8.2557 0.0470886 0.991735
8.29552 0.0470646 0.991807
8.33583 0.0470227 0.991891
8.3766 0.0469616 0.991987
8.41777 0.04688 0.992095
8.45929 0.046777 0.992218
8.50109 0.0466522 0.992354
8.5431 0.0465052 0.992506
8.58524 0.0463363 0.992672
8.62744 0.0461461 0.992854
8.6696 0.0459355 0.99305
8.71164 0.0457063 0.993262
8.75346 0.0454602 0.993487
8.79497 0.0451998 0.993727
8.83606 0.044928 0.99398
8.87665 0.0446482 0.994245
8.91663 0.0443642 0.994521
8.9559 0.0440801 0.994807
8.99438 0.0438005 0.9951
9.03198 0.04353 0.9954
9.06863 0.0432736 0.995704
9.10425 0.0430362 0.99601
9.1388 0.0428225 0.996316
9.17225 0.0426371 0.99662
9.20457 0.0424841 0.99692
9.23579 0.0423667 0.997214
9.26593 0.0422875 0.9975
9.29509 0.0422476 0.997776
9.32335 0.0422465 0.998042
9.35089 0.0422818 0.998296
9.37792 0.042349 0.998539
9.40468 0.0424403 0.99877
9.39559 0.0414653 0.992631
9.42508 0.04137 0.992678
9.45463 0.0412807 0.992725
9.48432 0.0412015 0.992771
9.5142 0.0411358 0.992815
9.54434 0.0410864 0.992856
9.5748 0.0410549 0.992894
9.60563 0.0410422 0.992927
9.63689 0.0410482 0.992955
9.66863 0.0410719 0.992977
9.70089 0.0411112 0.992992
9.73372 0.0411629 0.992998
9.76716 0.0412228 0.992997
9.80124 0.0412855 0.992986
9.83598 0.0413442 0.992966
9.87142 0.0413912 0.992936
9.90756 0.0414172 0.992896
9.94442 0.0414119 0.992847
9.982 0.0413634 0.992788
10.0203 0.0412584 0.992721
10.0593 0.0410825 0.992645
10.099 0.0408197 0.992562
10.1393 0.0404525 0.992473
10.1803 0.0399622 0.992379
10.2219 0.0393285 0.992281
10.2639 0.0385301 0.992181
10.3064 0.037544 0.992081
10.3493 0.0363462 0.991982
10.3925 0.0349114 0.991886
10.4359 0.0332133 0.991795
10.4793 0.0312246 0.991711
10.5227 0.0289171 0.991635
10.566 0.0262621 0.99157
10.609 0.0232302 0.991517
10.6516 0.019792 0.991478
10.6935 0.0159179 0.991455
10.7348 0.0115785 0.991448
10.7752 0.00674515 0.991459
10.8145 0.00139 0.991488
10.8526 -0.00451344 0.991536
10.8894 -0.01099 0.991604
10.9247 -0.0180621 0.991691
10.9583 -0.0257495 0.991797
10.9902 -0.0340688 0.991921
11.0203 -0.0430323 0.992061
11.0484 -0.0526479 0.992217
11.0745 -0.062918 0.992387
11.0987 -0.0738389 0.992567
11.1208 -0.0853994 0.992757
11.1412 -0.0975806 0.992952
11.1597 -0.110354 0.993151
11.1768 -0.123683 0.99335
11.1926 -0.137515 0.993547
11.2077 -0.15179 0.993738
11.1982 -0.153089 0.987716
11.2166 -0.171856 0.987624
11.2351 -0.190676 0.987534
11.2536 -0.209601 0.987448
11.2724 -0.228683 0.987369
11.2913 -0.247972 0.987299
11.3106 -0.267518 0.98724
11.3302 -0.287367 0.987195
11.3503 -0.307562 0.987164
11.3708 -0.328143 0.98715
11.3918 -0.349146 0.987154
11.4133 -0.3706 0.987177
11.4355 -0.39253 0.987222
11.4583 -0.414951 0.987288
11.4818 -0.437874 0.987378
11.506 -0.461297 0.987493
11.531 -0.48521 0.987635
11.5567 -0.509593 0.987803
11.5833 -0.53441 0.988
11.6107 -0.559616 0.988226
11.6389 -0.585149 0.988483
11.6679 -0.610935 0.988771
11.6978 -0.636883 0.989091
11.7284 -0.662886 0.989444
11.7598 -0.688823 0.989831
11.792 -0.714556 0.990252
11.8249 -0.739934 0.990707
11.8584 -0.764791 0.991197
11.8925 -0.78895 0.991722
11.9272 -0.812223 0.992282
11.9622 -0.834417 0.992875
11.9977 -0.855336 0.993503
12.0334 -0.874785 0.994163
12.0693 -0.892579 0.994855
12.1053 -0.908547 0.995577
12.1414 -0.922541 0.996328
12.1775 -0.934449 0.997105
12.2135 -0.944201 0.997905
12.2494 -0.951788 0.998724
12.2853 -0.957273 0.999559
12.3211 -0.960811 1.0004
12.3571 -0.962668 1.00125
12.3933 -0.963243 1.00209
12.384 -0.963733 0.994405
12.4105 -0.963814 0.994408
12.437 -0.963891 0.99441
12.4636 -0.96396 0.994412
12.4904 -0.964019 0.994416
12.5174 -0.964064 0.994421
12.5446 -0.964095 0.994428
12.5721 -0.964109 0.994437
12.5999 -0.964105 0.994448
12.6281 -0.964082 0.994461
12.6567 -0.96404 0.994477
12.6857 -0.96398 0.994495
12.7151 -0.9639 0.994515
12.7451 -0.963803 0.994538
12.7756 -0.963688 0.994564
12.8067 -0.963559 0.994593
12.8384 -0.963416 0.994624
12.8707 -0.963262 0.994659
12.9035 -0.9631 0.994697
12.9371 -0.962932 0.994738
12.9712 -0.962761 0.994784
13.0061 -0.962591 0.994834
13.0416 -0.962425 0.994888
13.0777 -0.962267 0.994948
13.1145 -0.962121 0.995013
13.1519 -0.96199 0.995083
13.1899 -0.961878 0.99516
13.2285 -0.961789 0.995245
13.2677 -0.961725 0.995336
13.3074 -0.961691 0.995435
13.3476 -0.96169 0.995543
13.3882 -0.961724 0.995659
13.4292 -0.961796 0.995785
13.4705 -0.961906 0.99592
13.5121 -0.962058 0.996065
13.5539 -0.962251 0.996221
13.5958 -0.962486 0.996387
13.6377 -0.962762 0.996564
13.6796 -0.963078 0.996751
13.7213 -0.963431 0.99695
13.7628 -0.96382 0.997159
13.804 -0.964241 0.997378
13.8448 -0.964689 0.997608
13.885 -0.965159 0.997848
13.9246 -0.965645 0.998096
13.9635 -0.966142 0.998353
14.0016 -0.966641 0.998618
14.0388 -0.967137 0.998889
14.0751 -0.96762 0.999166
14.1103 -0.968084 0.999447
14.1444 -0.96852 0.999732
14.1775 -0.968921 1.00002
14.2094 -0.969281 1.0003
14.2402 -0.969593 1.00059
14.2699 -0.969853 1.00087
14.2987 -0.970059 1.00115
14.3265 -0.97021 1.00143
14.3537 -0.970309 1.00169
14.3803 -0.970362 1.00195
14.4066 -0.970379 1.0022
14.3973 -0.969714 0.995003
14.4267 -0.969802 0.995006
14.4563 -0.969883 0.995009
14.4859 -0.969949 0.995015
14.5157 -0.969995 0.995023
14.5458 -0.970016 0.995034
14.5762 -0.970011 0.995048
14.607 -0.969976 0.995064
14.6382 -0.969911 0.995083
14.6699 -0.969816 0.995103
14.7021 -0.969694 0.995125
14.7348 -0.969546 0.995148
14.7682 -0.969377 0.995171
14.8022 -0.969194 0.995194
14.8368 -0.969004 0.995217
14.8721 -0.968814 0.995238
14.9081 -0.968637 0.995259
14.9449 -0.968483 0.995278
14.9823 -0.968366 0.995295
15.0205 -0.968301 0.995311
15.0593 -0.968305 0.995325
15.0989 -0.968395 0.995338
15.139 -0.968592 0.99535
15.1799 -0.968916 0.995362
15.2213 -0.969391 0.995373
15.2632 -0.970039 0.995386
15.3055 -0.970887 0.9954
15.3483 -0.97196 0.995416
15.3914 -0.973286 0.995436
15.4346 -0.974893 0.99546
15.478 -0.97681 0.99549
15.5213 -0.979067 0.995525
15.5645 -0.981694 0.995568
15.6075 -0.98472 0.995619
15.65 -0.988176 0.99568
15.692 -0.992091 0.99575
15.7333 -0.996495 0.995831
15.7737 -1.00141 0.995922
15.8131 -1.00688 0.996026
15.8513 -1.0129 0.996141
15.8882 -1.01952 0.996268
15.9236 -1.02675 0.996407
15.9574 -1.0346 0.996556
15.9895 -1.04309 0.996717
16.0197 -1.05223 0.996886
16.048 -1.06201 0.997064
16.0743 -1.07245 0.997248
16.0987 -1.08353 0.997438
16.121 -1.09524 0.99763
16.1415 -1.10755 0.997823
16.1603 -1.12044 0.998014
16.1775 -1.13387 0.998201
16.1935 -1.14779 0.998381
16.2087 -1.16213 0.99855
16.1982 -1.16478 0.990141
16.2166 -1.18351 0.990064
16.235 -1.20229 0.989991
16.2536 -1.22117 0.989925
16.2723 -1.24018 0.989871
16.2913 -1.25938 0.989832
16.3105 -1.27882 0.98981
16.3301 -1.29854 0.989808
16.3501 -1.31857 0.989828
16.3706 -1.33896 0.98987
16.3916 -1.35974 0.989936
16.4131 -1.38095 0.990027
16.4352 -1.4026 0.990142
16.4579 -1.42472 0.990284
16.4813 -1.44732 0.99045
16.5054 -1.4704 0.990642
16.5303 -1.49395 0.99086
16.556 -1.51796 0.991102
16.5825 -1.54239 0.991368
16.6098 -1.56722 0.991659
16.6379 -1.59237 0.991973
16.6669 -1.61779 0.992311
16.6967 -1.64338 0.99267
16.7273 -1.66905 0.993053
16.7587 -1.69467 0.993456
16.7909 -1.72013 0.993882
16.8238 -1.74526 0.994329
16.8574 -1.76991 0.994798
16.8916 -1.79391 0.995288
16.9263 -1.81705 0.995801
16.9615 -1.83917 0.996336
16.9971 -1.86005 0.996894
17.033 -1.8795 0.997476
17.0691 -1.89734 0.998083
17.1053 -1.91338 0.998714
17.1416 -1.92748 0.99937
17.1778 -1.93952 1.00005
17.214 -1.94941 1.00076
17.25 -1.95715 1.00148
17.286 -1.9628 1.00223
17.3219 -1.96649 1.00299
17.3579 -1.9685 1.00375
17.3942 -1.96922 1.00452
17.3825 -1.96957 0.99567
17.409 -1.96964 0.995625
17.4355 -1.96971 0.995582
17.4621 -1.96976 0.995541
17.4889 -1.9698 0.995504
17.5158 -1.96982 0.995473
17.543 -1.96983 0.995448
17.5704 -1.9698 0.995431
17.5982 -1.96976 0.995422
17.6263 -1.96968 0.995422
17.6549 -1.96958 0.995431
17.6838 -1.96946 0.99545
17.7133 -1.96931 0.99548
17.7432 -1.96913 0.99552
17.7737 -1.96893 0.995571
17.8048 -1.96871 0.995633
17.8364 -1.96847 0.995707
17.8687 -1.96822 0.995792
17.9015 -1.96795 0.995889
17.935 -1.96768 0.995997
17.9692 -1.9674 0.996117
18.004 -1.96713 0.99625
18.0395 -1.96686 0.996394
18.0756 -1.96661 0.99655
18.1124 -1.96637 0.996719
18.1499 -1.96616 0.996899
18.1879 -1.96598 0.997092
18.2266 -1.96583 0.997297
18.2658 -1.96572 0.997514
18.3056 -1.96566 0.997743
18.3458 -1.96564 0.997984
18.3866 -1.96568 0.998236
18.4277 -1.96577 0.998501
18.4691 -1.96593 0.998777
18.5109 -1.96615 0.999065
18.5528 -1.96643 0.999364
18.5949 -1.96677 0.999673
18.637 -1.96718 0.999993
18.6791 -1.96766 1.00032
18.7211 -1.96819 1.00066
18.7629 -1.96878 1.00101
18.8043 -1.96942 1.00137
18.8453 -1.97011 1.00173
18.8858 -1.97083 1.0021
18.9257 -1.97159 1.00248
18.9649 -1.97237 1.00286
19.0032 -1.97316 1.00325
19.0407 -1.97395 1.00364
19.0772 -1.97473 1.00403
19.1127 -1.9755 1.00443
19.1471 -1.97623 1.00482
19.1803 -1.97692 1.00521
19.2124 -1.97756 1.00559
19.2434 -1.97813 1.00598
19.2733 -1.97864 1.00635
19.3022 -1.97908 1.00672
19.3301 -1.97945 1.00707
19.3573 -1.97974 1.00741
19.384 -1.97998 1.00774
19.4103 -1.98016 1.00806
19.3978 -1.98125 0.998348
19.4247 -1.98131 0.998299
19.4517 -1.98136 0.998251
19.4787 -1.9814 0.998205
19.5059 -1.98142 0.998165
19.5333 -1.98142 0.99813
19.5609 -1.98138 0.998103
19.5888 -1.98131 0.998084
19.6171 -1.98121 0.998074
19.6457 -1.98107 0.998073
19.6747 -1.98089 0.998083
19.7041 -1.98067 0.998104
19.7341 -1.9804 0.998136
19.7645 -1.9801 0.998179
19.7955 -1.97976 0.998233
19.8271 -1.97939 0.998299
19.8592 -1.97898 0.998376
19.892 -1.97854 0.998466
19.9254 -1.97808 0.998567
19.9594 -1.9776 0.998679
19.9941 -1.9771 0.998803
20.0295 -1.97659 0.998939
20.0655 -1.97607 0.999086
20.1022 -1.97556 0.999245
20.1396 -1.97506 0.999415
20.1776 -1.97458 0.999596
20.2162 -1.97411 0.999789
20.2554 -1.97368 0.999992
20.2952 -1.97328 1.00021
20.3355 -1.97293 1.00043
20.3763 -1.97263 1.00067
20.4175 -1.97238 1.00092
20.4591 -1.97219 1.00117
20.501 -1.97207 1.00144
20.5431 -1.97201 1.00172
20.5855 -1.97203 1.00201
20.6279 -1.97212 1.00231
20.6703 -1.97228 1.00261
20.7126 -1.97252 1.00293
20.7548 -1.97283 1.00326
20.7967 -1.9732 1.00359
20.8382 -1.97364 1.00393
20.8792 -1.97414 1.00428
20.9196 -1.9747 1.00464
20.9593 -1.97529 1.00501
20.9982 -1.97592 1.00538
21.0363 -1.97658 1.00575
21.0734 -1.97725 1.00613
21.1095 -1.97792 1.00652
21.1444 -1.97859 1.0069
21.1783 -1.97923 1.00729
21.211 -1.97984 1.00768
21.2425 -1.98041 1.00807
21.2729 -1.98092 1.00845
21.3023 -1.98139 1.00883
21.3307 -1.98179 1.0092
21.3584 -1.98212 1.00956
21.3854 -1.98241 1.0099
21.4122 -1.98265 1.01024
21.3992 -1.9845 0.999685
21.4261 -1.98456 0.99964
21.453 -1.9846 0.999596
21.48 -1.98463 0.999556
21.5072 -1.98464 0.999521
21.5346 -1.98461 0.999492
21.5622 -1.98456 0.999471
21.5901 -1.98447 0.99946
21.6183 -1.98434 0.999458
21.6469 -1.98417 0.999468
21.6759 -1.98396 0.999489
21.7053 -1.9837 0.999521
21.7352 -1.9834 0.999566
21.7657 -1.98305 0.999622
21.7966 -1.98266 0.999691
21.8281 -1.98223 0.999773
21.8603 -1.98177 0.999866
21.893 -1.98127 0.999972
21.9263 -1.98074 1.00009
21.9603 -1.98019 1.00022
21.995 -1.97963 1.00036
22.0303 -1.97905 1.00052
22.0663 -1.97846 1.00068
22.103 -1.97788 1.00086
22.1403 -1.97731 1.00104
22.1782 -1.97676 1.00124
22.2168 -1.97623 1.00145
22.2559 -1.97573 1.00167
22.2956 -1.97528 1.00189
22.3359 -1.97487 1.00213
22.3766 -1.97452 1.00238
22.4178 -1.97423 1.00264
22.4594 -1.974 1.0029
22.5013 -1.97385 1.00317
22.5434 -1.97377 1.00346
22.5857 -1.97377 1.00375
22.6281 -1.97386 1.00405
22.6705 -1.97402 1.00435
22.7128 -1.97427 1.00467
22.755 -1.97459 1.00499
22.7969 -1.97499 1.00532
22.8384 -1.97547 1.00565
22.8794 -1.97601 1.00599
22.9199 -1.97661 1.00634
22.9596 -1.97726 1.00669
22.9986 -1.97795 1.00705
23.0367 -1.97867 1.00741
23.0739 -1.9794 1.00778
23.11 -1.98014 1.00815
23.145 -1.98087 1.00852
23.1789 -1.98158 1.00889
23.2116 -1.98226 1.00926
23.2432 -1.98289 1.00963
23.2736 -1.98347 1.01
23.303 -1.98398 1.01037
23.3315 -1.98443 1.01072
23.3591 -1.98482 1.01107
23.3862 -1.98514 1.01141
23.4131 -1.98542 1.01173
23.3992 -1.98798 1.00035
23.4261 -1.98803 1.00031
23.453 -1.98807 1.00026
23.48 -1.98809 1.00022
23.5072 -1.98808 1.00019
23.5346 -1.98804 1.00016
23.5622 -1.98797 1.00014
23.59 -1.98786 1.00014
23.6182 -1.98771 1.00014
23.6468 -1.9875 1.00016
23.6758 -1.98725 1.00019
23.7052 -1.98695 1.00023
23.7351 -1.9866 1.00029
23.7655 -1.9862 1.00036
23.7965 -1.98575 1.00045
23.828 -1.98525 1.00055
23.8601 -1.98472 1.00066
23.8928 -1.98414 1.00079
23.9262 -1.98354 1.00093
23.9602 -1.9829 1.00108
23.9948 -1.98225 1.00125
24.0301 -1.98158 1.00143
24.0661 -1.9809 1.00163
24.1028 -1.98022 1.00183
24.1401 -1.97956 1.00205
24.1781 -1.97891 1.00228
24.2167 -1.97828 1.00252
24.2558 -1.97769 1.00277
24.2956 -1.97714 1.00303
24.3359 -1.97664 1.00331
24.3767 -1.9762 1.00359
24.4179 -1.97583 1.00388
24.4595 -1.97553 1.00417
24.5015 -1.9753 1.00448
24.5437 -1.97516 1.0048
24.5861 -1.9751 1.00512
24.6286 -1.97514 1.00545
24.6711 -1.97526 1.00578
24.7135 -1.97547 1.00613
24.7558 -1.97577 1.00648
24.7978 -1.97616 1.00683
24.8394 -1.97662 1.00719
24.8806 -1.97717 1.00756
24.9211 -1.97777 1.00793
24.961 -1.97844 1.0083
25.0001 -1.97915 1.00868
25.0383 -1.9799 1.00906
25.0756 -1.98067 1.00944
25.1118 -1.98145 1.00983
25.1469 -1.98223 1.01022
25.1809 -1.98299 1.01061
25.2137 -1.98371 1.01099
25.2453 -1.98439 1.01138
25.2758 -1.98502 1.01176
25.3053 -1.98558 1.01214
25.3338 -1.98608 1.0125
25.3615 -1.98651 1.01286
25.3886 -1.98687 1.01321
25.4154 -1.98719 1.01354
25.4007 -1.99097 1.00134
25.4276 -1.991 1.00131
25.4545 -1.99102 1.00127
25.4816 -1.99101 1.00125
25.5087 -1.99098 1.00122
25.5361 -1.99092 1.00121
25.5637 -1.99082 1.00121
25.5916 -1.99068 1.00122
25.6198 -1.99049 1.00124
25.6483 -1.99025 1.00128
25.6773 -1.98996 1.00133
25.7067 -1.98962 1.0014
25.7366 -1.98922 1.00149
25.767 -1.98877 1.00159
25.7979 -1.98827 1.00171
25.8294 -1.98773 1.00185
25.8615 -1.98714 1.002
25.8942 -1.98651 1.00217
25.9275 -1.98585 1.00235
25.9615 -1.98516 1.00255
25.9961 -1.98445 1.00276
26.0314 -1.98372 1.00299
26.0673 -1.983 1.00324
26.104 -1.98227 1.00349
26.1412 -1.98156 1.00376
26.1791 -1.98087 1.00405
26.2177 -1.9802 1.00434
26.2568 -1.97958 1.00464
26.2966 -1.97901 1.00496
26.3368 -1.9785 1.00529
26.3776 -1.97805 1.00562
26.4188 -1.97767 1.00596
26.4604 -1.97738 1.00631
26.5023 -1.97717 1.00667
26.5445 -1.97705 1.00704
26.5869 -1.97703 1.00741
26.6294 -1.97711 1.00778
26.6719 -1.97729 1.00816
26.7144 -1.97757 1.00855
26.7567 -1.97795 1.00894
26.7987 -1.97842 1.00933
26.8403 -1.97898 1.00972
26.8815 -1.97963 1.01012
26.9221 -1.98035 1.01052
26.962 -1.98113 1.01092
27.0012 -1.98197 1.01132
27.0395 -1.98284 1.01172
27.0768 -1.98374 1.01212
27.1131 -1.98465 1.01252
27.1482 -1.98556 1.01292
27.1822 -1.98645 1.01331
27.2151 -1.9873 1.01371
27.2468 -1.98811 1.01409
27.2773 -1.98885 1.01448
27.3068 -1.98953 1.01485
27.3353 -1.99014 1.01522
27.363 -1.99067 1.01557
27.3902 -1.99113 1.01591
27.417 -1.99154 1.01623
27.4042 -1.99575 1.00387
27.431 -1.99577 1.00383
27.458 -1.99578 1.00379
27.485 -1.99576 1.00375
27.5121 -1.99572 1.00372
27.5395 -1.99564 1.0037
27.5671 -1.99552 1.00369
27.595 -1.99535 1.00369
27.6232 -1.99513 1.00371
27.6517 -1.99485 1.00374
27.6807 -1.99452 1.00379
27.7101 -1.99413 1.00386
27.74 -1.99369 1.00394
27.7704 -1.99318 1.00405
27.8013 -1.99262 1.00417
27.8328 -1.99201 1.0043
27.8648 -1.99135 1.00446
27.8975 -1.99064 1.00463
27.9309 -1.9899 1.00482
27.9648 -1.98913 1.00502
27.9995 -1.98833 1.00524
28.0348 -1.98752 1.00548
28.0707 -1.9867 1.00573
28.1073 -1.98588 1.006
28.1446 -1.98507 1.00628
28.1826 -1.98429 1.00657
28.2211 -1.98354 1.00687
28.2603 -1.98283 1.00719
28.3001 -1.98217 1.00751
28.3404 -1.98158 1.00785
28.3812 -1.98106 1.0082
28.4224 -1.98061 1.00856
28.4641 -1.98025 1.00892
28.5061 -1.97999 1.00929
28.5483 -1.97983 1.00967
28.5908 -1.97977 1.01006
28.6333 -1.97982 1.01045
28.6759 -1.97997 1.01085
28.7185 -1.98024 1.01126
28.7608 -1.98062 1.01167
28.803 -1.9811 1.01209
28.8447 -1.98168 1.01251
28.886 -1.98235 1.01294
28.9267 -1.98311 1.01337
28.9667 -1.98394 1.01381
29.0059 -1.98483 1.01425
29.0443 -1.98576 1.01469
29.0817 -1.98673 1.01514
29.118 -1.98771 1.0156
29.1532 -1.9887 1.01606
29.1873 -1.98966 1.01652
29.2202 -1.9906 1.01699
29.2519 -1.99148 1.01746
29.2824 -1.99231 1.01793
29.3119 -1.99307 1.01841
29.3404 -1.99375 1.01888
29.3681 -1.99436 1.01936
29.3952 -1.99489 1.01983
29.4219 -1.99536 1.02029
29.4078 -1.99932 1.00702
29.4346 -1.99934 1.00696
29.4615 -1.99933 1.0069
29.4885 -1.99931 1.00685
29.5156 -1.99926 1.00681
29.543 -1.99917 1.00677
29.5705 -1.99903 1.00675
29.5984 -1.99884 1.00675
29.6266 -1.9986 1.00676
29.6551 -1.99831 1.00679
29.684 -1.99795 1.00684
29.7134 -1.99753 1.00691
29.7432 -1.99705 1.007
29.7735 -1.99651 1.00711
29.8044 -1.99591 1.00724
29.8358 -1.99526 1.00739
29.8679 -1.99455 1.00756
29.9005 -1.9938 1.00775
29.9337 -1.99302 1.00796
29.9676 -1.9922 1.00819
30.0022 -1.99135 1.00844
30.0374 -1.99049 1.00871
30.0733 -1.98963 1.009
30.1098 -1.98876 1.0093
30.147 -1.98792 1.00962
30.1849 -1.98709 1.00995
30.2233 -1.9863 1.0103
30.2624 -1.98556 1.01066
30.3021 -1.98488 1.01103
30.3423 -1.98426 1.01142
30.383 -1.98371 1.01182
30.4242 -1.98325 1.01223
30.4657 -1.98289 1.01264
30.5077 -1.98262 1.01307
30.5498 -1.98247 1.0135
30.5922 -1.98242 1.01394
30.6347 -1.98249 1.01439
30.6773 -1.98267 1.01484
30.7197 -1.98298 1.0153
30.7621 -1.98339 1.01576
30.8041 -1.98392 1.01623
30.8459 -1.98455 1.0167
30.8871 -1.98527 1.01717
30.9278 -1.98609 1.01765
30.9678 -1.98698 1.01813
31.007 -1.98793 1.01861
31.0454 -1.98893 1.01909
31.0828 -1.98996 1.01957
31.1191 -1.991 1.02006
31.1543 -1.99204 1.02054
31.1884 -1.99307 1.02103
31.2213 -1.99405 1.02152
31.253 -1.99498 1.02201
31.2836 -1.99585 1.0225
31.313 -1.99663 1.02298
31.3415 -1.99734 1.02346
31.3692 -1.99796 1.02394
31.3963 -1.9985 1.02442
31.423 -1.99898 1.02488
31.4081 -2.00316 1.01044
31.4358 -2.00319 1.01036
31.4636 -2.00321 1.01029
31.4916 -2.00322 1.01022
31.5196 -2.00319 1.01017
31.5479 -2.00312 1.01013
31.5765 -2.00302 1.0101
31.6053 -2.00286 1.0101
31.6345 -2.00264 1.01011
31.6641 -2.00237 1.01015
31.6941 -2.00203 1.01021
31.7246 -2.00162 1.0103
31.7557 -2.00114 1.01041
31.7872 -2.00058 1.01055
31.8194 -1.99994 1.01072
31.8521 -1.99922 1.01091
31.8855 -1.99842 1.01112
31.9195 -1.99753 1.01136
31.9542 -1.99655 1.01163
31.9895 -1.99548 1.01192
32.0255 -1.99431 1.01223
32.0622 -1.99303 1.01256
32.0996 -1.99165 1.01291
32.1377 -1.99016 1.01328
32.1764 -1.98854 1.01367
32.2157 -1.98679 1.01408
32.2557 -1.9849 1.0145
32.2962 -1.98286 1.01493
32.3372 -1.98064 1.01538
32.3786 -1.97823 1.01584
32.4205 -1.97561 1.01631
32.4627 -1.97276 1.01679
32.5051 -1.96965 1.01727
32.5477 -1.96626 1.01776
32.5904 -1.96254 1.01826
32.6331 -1.95847 1.01875
32.6756 -1.95401 1.01925
32.7178 -1.94911 1.01975
32.7597 -1.94374 1.02025
32.8011 -1.93784 1.02075
32.8418 -1.93137 1.02125
32.8817 -1.92429 1.02174
32.9208 -1.91653 1.02223
32.9588 -1.90805 1.02272
32.9957 -1.8988 1.0232
33.0313 -1.88873 1.02368
33.0656 -1.8778 1.02415
33.0983 -1.86596 1.02462
33.1296 -1.85319 1.02509
33.1593 -1.83945 1.02555
33.1874 -1.82474 1.026
33.2139 -1.80904 1.02645
33.239 -1.79237 1.02689
33.2627 -1.77477 1.02732
33.2852 -1.75627 1.02775
33.3068 -1.73698 1.02816
33.3278 -1.71699 1.02857
33.315 -1.72511 1.01642
33.3388 -1.70108 1.01652
33.3626 -1.67697 1.01659
33.3865 -1.65269 1.01663
33.4107 -1.62816 1.0166
33.435 -1.60331 1.01649
33.4597 -1.57808 1.01628
33.4846 -1.55239 1.01594
33.51 -1.52621 1.01547
33.5357 -1.49946 1.01483
33.5619 -1.47212 1.01401
33.5885 -1.44414 1.013
33.6157 -1.41549 1.01177
33.6434 -1.38616 1.01033
33.6717 -1.35614 1.00865
33.7004 -1.32542 1.00673
33.7298 -1.29401 1.00457
33.7597 -1.26194 1.00217
33.7901 -1.22922 0.999517
33.8211 -1.19591 0.996629
33.8526 -1.16205 0.993513
33.8845 -1.1277 0.990182
33.9168 -1.09296 0.986657
33.9495 -1.05789 0.982959
33.9824 -1.02261 0.979119
34.0156 -0.987223 0.975169
34.0488 -0.951854 0.971148
34.0821 -0.916639 0.967101
34.1152 -0.881721 0.963078
34.1481 -0.847255 0.959132
34.1807 -0.813403 0.955323
34.2126 -0.780336 0.951716
34.2439 -0.748226 0.948379
34.2743 -0.717252 0.945383
34.3037 -0.687593 0.942803
34.3318 -0.659426 0.940716
34.3585 -0.632924 0.9392
34.3837 -0.608249 0.938331
34.407 -0.585556 0.938183
34.4284 -0.564978 0.93883
34.4478 -0.546631 0.940333
34.4649 -0.5306 0.942752
34.4797 -0.51694 0.946129
34.4921 -0.505664 0.950496
34.5021 -0.496738 0.955864
34.5098 -0.490073 0.962226
34.5153 -0.485513 0.969542
34.5188 -0.482831 0.977746
34.5206 -0.481711 0.986733
34.5211 -0.48174 0.996351
34.5087 -0.485866 0.983199
34.5004 -0.487133 0.971049
34.5247 -0.462223 0.971249
34.5494 -0.436725 0.972985
34.5749 -0.410147 0.977689
34.6014 -0.382129 0.986635
34.6292 -0.352467 1.00091
34.6586 -0.32112 1.02137
34.6896 -0.288229 1.04857
34.7224 -0.254117 1.08272
34.7567 -0.219286 1.1236
34.7925 -0.184402 1.17051
34.8293 -0.150268 1.22224
34.8663 -0.117778 1.27704
34.9026 -0.087866 1.33265
34.9371 -0.0614309 1.38636
34.9682 -0.0392495 1.43524
34.9945 -0.0218759 1.47639
35.0146 -0.0095259 1.50736
35.0277 -0.00195312 1.52677
35.0341 0.00168514 1.53514
35.0207 -0.00196806 1.52176
