0.00232448 0.00434306 0.989452
0.00219208 0.00432943 0.989426
0.00223221 0.00431611 0.989398
0.00261555 0.00430418 0.989368
0.00351039 0.00429479 0.989336
0.00508214 0.00428917 0.9893
0.00749288 0.00428861 0.98926
0.0109008 0.00429452 0.989216
0.0154599 0.00430838 0.989168
0.0213189 0.0043318 0.989116
0.0286211 0.00436647 0.989061
0.0375034 0.00441418 0.989003
0.0480961 0.00447683 0.988944
0.0605213 0.00455641 0.988884
0.0748929 0.00465498 0.988826
0.0913156 0.00477469 0.98877
0.109884 0.00491771 0.988718
0.130681 0.00508627 0.988673
0.153779 0.00528258 0.988636
0.179237 0.00550885 0.988609
0.207101 0.00576724 0.988595
0.237401 0.0060598 0.988597
0.270154 0.0063885 0.988616
0.305358 0.00675513 0.988655
0.342998 0.00716126 0.988716
0.383037 0.00760826 0.988801
0.425423 0.00809718 0.988913
0.470083 0.00862876 0.989052
0.516926 0.00920335 0.989221
0.565841 0.00982089 0.989422
0.616697 0.0104808 0.989654
0.669342 0.0111822 0.989918
0.723605 0.0119233 0.990215
0.779296 0.0127022 0.990543
0.836205 0.013516 0.990903
0.894106 0.0143614 0.991292
0.952753 0.0152344 0.991708
1.01189 0.0161304 0.992148
1.07124 0.0170442 0.992609
1.13053 0.01797 0.993087
1.18945 0.0189015 0.993578
1.24773 0.0198317 0.994075
1.30505 0.0207535 0.994573
1.36113 0.0216593 0.995065
1.41569 0.0225412 0.995546
1.46846 0.0233915 0.996007
1.51919 0.0242026 0.996442
1.56767 0.024967 0.996845
1.61371 0.0256781 0.997208
1.65719 0.02633 0.997525
1.69803 0.0269181 0.997792
1.73623 0.0274392 0.998005
1.77187 0.0278923 0.998161
1.80513 0.0282788 0.99826
1.83627 0.028603 0.998306
1.86573 0.0288729 0.998304
1.89406 0.0291006 0.998266
1.89108 0.0224564 0.993827
1.91759 0.0222984 0.993872
1.94415 0.022147 0.993916
1.9708 0.0220078 0.993954
1.9976 0.0218863 0.993986
2.02459 0.0217879 0.994008
2.05182 0.0217177 0.99402
2.07933 0.0216807 0.99402
2.10715 0.0216816 0.994004
2.13534 0.021725 0.993973
2.16393 0.0218151 0.993924
2.19296 0.0219561 0.993857
2.22245 0.0221518 0.993769
2.25245 0.0224056 0.993661
2.28299 0.0227208 0.99353
2.31408 0.0231004 0.993378
2.34576 0.0235469 0.993202
2.37804 0.0240626 0.993004
2.41094 0.0246493 0.992782
2.44447 0.0253086 0.992538
2.47864 0.0260414 0.992271
2.51346 0.0268483 0.991982
2.54892 0.0277297 0.991672
2.58502 0.0286849 0.991342
2.62176 0.0297134 0.990993
2.6591 0.0308136 0.990628
2.69705 0.0319837 0.990246
2.73556 0.0332212 0.989851
2.77461 0.034523 0.989444
2.81416 0.0358857 0.989028
2.85416 0.0373049 0.988605
2.89458 0.0387758 0.988177
2.93535 0.0402931 0.987748
2.97642 0.0418507 0.98732
3.01772 0.0434421 0.986896
3.05917 0.0450603 0.98648
3.10071 0.0466975 0.986073
3.14225 0.0483456 0.985681
3.1837 0.049996 0.985305
3.22499 0.0516398 0.984948
3.26602 0.0532676 0.984615
3.30669 0.0548698 0.984307
3.34692 0.0564366 0.984028
3.3866 0.0579583 0.983779
3.42565 0.059425 0.983565
3.46399 0.0608271 0.983386
3.50152 0.0621554 0.983244
3.53816 0.0634011 0.983142
3.57386 0.064556 0.98308
3.60855 0.065613 0.983059
3.64219 0.0665661 0.983079
3.67476 0.0674106 0.98314
3.70624 0.0681434 0.98324
3.73665 0.0687636 0.983379
3.76604 0.0692726 0.983554
3.79448 0.0696743 0.983761
3.82209 0.0699759 0.983998
3.84901 0.0701881 0.98426
3.87545 0.0703256 0.98454
3.90166 0.0704075 0.984834
3.89342 0.0691675 0.980544
3.92037 0.0690358 0.980542
3.94737 0.068906 0.980541
3.97448 0.0687787 0.980541
4.00174 0.0686542 0.980541
4.02919 0.0685327 0.980542
4.05689 0.0684141 0.980545
4.08489 0.0682984 0.980549
4.11322 0.0681853 0.980556
4.14193 0.0680745 0.980565
4.17106 0.0679654 0.980578
4.20065 0.0678576 0.980595
4.23072 0.0677504 0.980617
4.26133 0.0676429 0.980644
4.29249 0.0675343 0.980677
4.32423 0.0674238 0.980717
4.35658 0.0673104 0.980765
4.38956 0.067193 0.980823
4.42317 0.0670707 0.98089
4.45745 0.0669425 0.980969
4.49239 0.0668072 0.98106
4.52799 0.0666639 0.981164
4.56426 0.0665117 0.981283
4.60119 0.0663496 0.981417
4.63877 0.0661767 0.981568
4.67697 0.0659924 0.981737
4.71578 0.065796 0.981924
4.75517 0.065587 0.982131
4.7951 0.065365 0.982358
4.83553 0.0651299 0.982606
4.87642 0.0648816 0.982875
4.9177 0.0646204 0.983167
4.95933 0.0643468 0.98348
5.00122 0.0640613 0.983815
5.04333 0.0637648 0.984172
5.08555 0.0634587 0.984551
5.12782 0.0631443 0.98495
5.17005 0.0628232 0.98537
5.21214 0.0624976 0.985807
5.25401 0.0621695 0.986262
5.29555 0.0618416 0.986732
5.33667 0.0615165 0.987215
5.37726 0.0611972 0.98771
5.41724 0.0608868 0.988213
5.4565 0.0605885 0.988722
5.49496 0.0603057 0.989233
5.53252 0.0600417 0.989745
5.56913 0.0598 0.990252
5.60471 0.0595836 0.990754
5.63921 0.0593955 0.991246
5.67261 0.0592384 0.991724
5.70488 0.0591144 0.992187
5.73605 0.0590249 0.992632
5.76614 0.0589706 0.993057
5.79525 0.0589513 0.99346
5.82348 0.0589654 0.993842
5.85099 0.0590099 0.994202
5.87798 0.0590802 0.994542
5.90471 0.0591695 0.994865
5.89781 0.0612363 0.9916
5.92725 0.0611091 0.991527
5.95677 0.0609795 0.991455
5.98641 0.0608446 0.991384
6.01625 0.0607016 0.991315
6.04635 0.0605479 0.991248
6.07677 0.0603811 0.991183
6.10756 0.0601994 0.99112
6.13878 0.0600009 0.991061
6.17049 0.0597847 0.991005
6.20271 0.0595502 0.990952
6.23551 0.0592973 0.990904
6.26892 0.0590268 0.990861
6.30298 0.0587403 0.990823
6.3377 0.0584403 0.990791
6.37313 0.0581302 0.990766
6.40926 0.0578147 0.990749
6.44613 0.0574995 0.990742
6.48372 0.0571918 0.990744
6.52204 0.0569 0.990758
6.56108 0.0566343 0.990784
6.60081 0.0564064 0.990824
6.64121 0.0562297 0.990878
6.68224 0.0561195 0.99095
6.72386 0.056093 0.991038
6.76601 0.0561693 0.991146
6.80862 0.0563698 0.991274
6.85161 0.0567176 0.991424
6.89491 0.0572382 0.991596
6.93841 0.0579593 0.991791
6.982 0.0589102 0.992011
7.02558 0.0601228 0.992255
7.06901 0.0616306 0.992524
7.11217 0.0634689 0.992819
7.1549 0.0656746 0.993139
7.19707 0.068286 0.993483
7.23851 0.0713426 0.993852
7.27908 0.0748841 0.994244
7.31862 0.0789509 0.994658
7.35696 0.0835829 0.995092
7.39395 0.0888192 0.995543
7.42946 0.094697 0.996011
7.46333 0.101251 0.996492
7.49546 0.108514 0.996984
7.52573 0.116511 0.997483
7.55407 0.125266 0.997986
7.58043 0.134791 0.99849
7.60479 0.145092 0.998992
7.6272 0.156166 0.999489
7.64774 0.167996 0.999978
7.66654 0.18055 1.00046
7.68383 0.193782 1.00092
7.6999 0.207625 1.00138
7.71515 0.221991 1.00182
7.70687 0.218823 1.00048
7.72662 0.238665 1.00048
7.74646 0.258617 1.00047
7.76644 0.278781 1.00045
7.78666 0.299251 1.00041
7.80719 0.320115 1.00035
7.82808 0.341456 1.00026
7.84942 0.363346 1.00014
7.87127 0.385851 0.999972
7.89368 0.409025 0.999755
7.9167 0.432911 0.999483
7.94039 0.45754 0.999151
7.96479 0.482928 0.998753
7.98993 0.509077 0.998286
8.01584 0.535973 0.997746
8.04254 0.563583 0.997131
8.07003 0.591856 0.996441
8.09833 0.620722 0.995676
8.12741 0.650091 0.994838
8.15725 0.679851 0.993931
8.18782 0.709867 0.992961
8.21907 0.739987 0.991934
8.25094 0.770036 0.990861
8.28335 0.799817 0.989753
8.31622 0.829118 0.988623
8.34945 0.85771 0.987487
8.38293 0.885352 0.986362
8.41655 0.911791 0.985266
8.45019 0.936774 0.984221
8.48372 0.960048 0.983245
8.517 0.981371 0.982362
8.54993 1.00052 0.98159
8.5824 1.0173 0.98095
8.61431 1.03155 0.980458
8.64561 1.04319 0.980127
8.67627 1.05219 0.979966
8.7063 1.05862 0.979974
8.73581 1.06266 0.980145
8.76494 1.06463 0.980458
8.79397 1.06501 0.98088
8.78154 1.06389 0.974097
8.80628 1.06378 0.974058
8.83109 1.06367 0.974023
8.85605 1.06358 0.973997
8.88123 1.06349 0.973984
8.9067 1.06341 0.97399
8.93253 1.06334 0.974019
8.9588 1.06327 0.974075
8.98555 1.06321 0.974164
9.01285 1.06315 0.974287
9.04076 1.06309 0.974451
9.06933 1.06303 0.974658
9.09861 1.06296 0.974912
9.12863 1.06288 0.975217
9.15945 1.06278 0.975575
9.19108 1.06267 0.975989
9.22356 1.06252 0.976463
9.25691 1.06235 0.976998
9.29112 1.06214 0.977596
9.32621 1.06189 0.978259
9.36217 1.0616 0.978987
9.39898 1.06125 0.97978
9.43662 1.06085 0.980637
9.47505 1.06039 0.981558
9.51423 1.05988 0.982541
9.55411 1.0593 0.983582
9.5946 1.05867 0.984679
9.63564 1.05797 0.985825
9.67714 1.05722 0.987017
9.719 1.05642 0.988247
9.76111 1.05557 0.989508
9.80336 1.05467 0.990791
9.84563 1.05375 0.992088
9.88778 1.05281 0.993388
9.92969 1.05185 0.994682
9.97122 1.0509 0.995957
10.0123 1.04997 0.997202
10.0527 1.04907 0.998406
10.0923 1.04822 0.999558
10.1311 1.04743 1.00065
10.169 1.04672 1.00166
10.2059 1.0461 1.00259
10.2419 1.04557 1.00344
10.2769 1.04516 1.00419
10.3109 1.04486 1.00485
10.3443 1.04466 1.00543
10.3771 1.04456 1.00592
10.4097 1.04454 1.00635
10.3997 1.04375 0.999366
10.4267 1.04366 0.999378
10.4537 1.04357 0.999389
10.4808 1.04349 0.999399
10.508 1.04342 0.999408
10.5355 1.04335 0.999414
10.5631 1.0433 0.999419
10.5911 1.04326 0.999421
10.6194 1.04324 0.99942
10.648 1.04322 0.999416
10.6771 1.04322 0.999408
10.7065 1.04324 0.999396
10.7365 1.04326 0.999379
10.767 1.0433 0.999358
10.798 1.04335 0.999332
10.8296 1.0434 0.999301
10.8617 1.04347 0.999266
10.8945 1.04353 0.999227
10.9279 1.0436 0.999183
10.9619 1.04367 0.999136
10.9966 1.04374 0.999085
11.032 1.0438 0.999032
11.0679 1.04385 0.998976
11.1046 1.04388 0.998919
11.1418 1.04391 0.998862
11.1797 1.04391 0.998806
11.2182 1.0439 0.998751
11.2573 1.04386 0.998698
11.2968 1.0438 0.99865
11.3369 1.04371 0.998606
11.3775 1.04358 0.998568
11.4185 1.04343 0.998537
11.4598 1.04324 0.998515
11.5014 1.04302 0.998502
11.5432 1.04277 0.998499
11.5851 1.04248 0.998508
11.6271 1.04217 0.998529
11.6691 1.04182 0.998564
11.711 1.04144 0.998612
11.7527 1.04104 0.998674
11.7941 1.04061 0.998751
11.835 1.04017 0.998843
11.8755 1.03972 0.99895
11.9154 1.03926 0.999073
11.9546 1.0388 0.999209
11.993 1.03834 0.99936
12.0306 1.0379 0.999524
12.0672 1.03748 0.999701
12.1028 1.03708 0.999889
12.1373 1.03672 1.00009
12.1708 1.03639 1.00029
12.2031 1.03612 1.00051
12.2344 1.03589 1.00072
12.2645 1.03572 1.00095
12.2937 1.0356 1.00117
12.322 1.03554 1.00139
12.3496 1.03553 1.00161
12.3766 1.03557 1.00182
12.4034 1.03564 1.00203
12.3931 1.03445 0.994298
12.42 1.03436 0.994315
12.447 1.03427 0.994333
12.4741 1.03419 0.994351
12.5013 1.03412 0.99437
12.5287 1.03407 0.994391
12.5564 1.03403 0.994414
12.5843 1.03401 0.994439
12.6126 1.03402 0.994467
12.6413 1.03404 0.994497
12.6703 1.03409 0.99453
12.6998 1.03416 0.994567
12.7298 1.03426 0.994606
12.7604 1.03437 0.99465
12.7914 1.03451 0.994697
12.8231 1.03467 0.994749
12.8553 1.03484 0.994805
12.8882 1.03503 0.994866
12.9217 1.03524 0.994932
12.9558 1.03545 0.995005
12.9906 1.03567 0.995084
13.0261 1.0359 0.99517
13.0622 1.03612 0.995263
13.099 1.03635 0.995365
13.1365 1.03656 0.995476
13.1746 1.03677 0.995597
13.2133 1.03696 0.995728
13.2526 1.03713 0.99587
13.2924 1.03728 0.996023
13.3328 1.03741 0.996188
13.3736 1.0375 0.996366
13.4148 1.03757 0.996557
13.4565 1.0376 0.996761
13.4984 1.03759 0.996978
13.5405 1.03755 0.997209
13.5828 1.03747 0.997454
13.6252 1.03736 0.997711
13.6675 1.0372 0.997982
13.7097 1.03701 0.998265
13.7518 1.03678 0.99856
13.7935 1.03652 0.998866
13.8349 1.03624 0.999182
13.8757 1.03592 0.999506
13.9159 1.03559 0.999838
13.9555 1.03524 1.00017
13.9942 1.03489 1.00052
14.0321 1.03453 1.00086
14.0689 1.03418 1.0012
14.1048 1.03384 1.00154
14.1396 1.03352 1.00188
14.1732 1.03323 1.0022
14.2058 1.03297 1.00252
14.2371 1.03275 1.00283
14.2674 1.03257 1.00313
14.2967 1.03243 1.00342
14.325 1.03235 1.00368
14.3526 1.03231 1.00394
14.3797 1.03231 1.00418
14.4065 1.03234 1.0044
14.3952 1.0315 0.99684
14.4221 1.03141 0.99684
14.4491 1.03133 0.996841
14.4762 1.03125 0.996843
14.5034 1.03119 0.996848
14.5308 1.03115 0.996856
14.5585 1.03112 0.996869
14.5864 1.03112 0.996885
14.6147 1.03114 0.996907
14.6433 1.03118 0.996934
14.6723 1.03124 0.996966
14.7018 1.03133 0.997004
14.7318 1.03144 0.997049
14.7622 1.03157 0.9971
14.7933 1.03173 0.997158
14.8248 1.0319 0.997222
14.857 1.03209 0.997295
14.8898 1.0323 0.997374
14.9232 1.03252 0.997462
14.9573 1.03274 0.997558
14.992 1.03297 0.997664
15.0274 1.0332 0.997778
15.0634 1.03342 0.997902
15.1001 1.03364 0.998036
15.1374 1.03384 0.998181
15.1754 1.03403 0.998337
15.214 1.03419 0.998505
15.2532 1.03433 0.998684
15.2929 1.03444 0.998875
15.3331 1.03451 0.99908
15.3738 1.03454 0.999297
15.4149 1.03454 0.999527
15.4564 1.03449 0.99977
15.4982 1.0344 1.00003
15.5403 1.03426 1.0003
15.5824 1.03407 1.00058
15.6247 1.03383 1.00087
15.667 1.03354 1.00118
15.7091 1.03321 1.0015
15.7511 1.03284 1.00182
15.7927 1.03243 1.00216
15.834 1.03198 1.00251
15.8748 1.0315 1.00286
15.915 1.031 1.00322
15.9545 1.03049 1.00358
15.9932 1.02996 1.00394
16.0311 1.02943 1.0043
16.068 1.02891 1.00466
16.1039 1.02841 1.00502
16.1387 1.02793 1.00537
16.1724 1.02748 1.00571
16.2049 1.02708 1.00605
16.2364 1.02673 1.00637
16.2667 1.02643 1.00667
16.296 1.02618 1.00696
16.3244 1.026 1.00723
16.3521 1.02587 1.00749
16.3792 1.02579 1.00773
16.4061 1.02575 1.00794
16.3942 1.02463 0.99951
16.4211 1.02454 0.9995
16.448 1.02446 0.99949
16.4751 1.02439 0.999482
16.5023 1.02434 0.999476
16.5296 1.0243 0.999474
16.5573 1.0243 0.999476
16.5852 1.02431 0.999482
16.6134 1.02436 0.999492
16.642 1.02444 0.999508
16.6711 1.02455 0.999529
16.7005 1.0247 0.999556
16.7305 1.02487 0.999589
16.7609 1.02508 0.999627
16.7919 1.02532 0.999672
16.8235 1.02559 0.999722
16.8557 1.02588 0.99978
16.8884 1.0262 0.999843
16.9219 1.02654 0.999915
16.9559 1.02689 0.999993
16.9907 1.02726 1.00008
17.026 1.02764 1.00017
17.0621 1.02801 1.00027
17.0988 1.02839 1.00039
17.1362 1.02876 1.00051
17.1742 1.02912 1.00064
17.2128 1.02946 1.00078
17.252 1.02978 1.00093
17.2918 1.03007 1.00109
17.3321 1.03033 1.00126
17.3729 1.03055 1.00144
17.4141 1.03072 1.00164
17.4557 1.03085 1.00185
17.4976 1.03094 1.00207
17.5397 1.03097 1.0023
17.582 1.03094 1.00255
17.6244 1.03086 1.00281
17.6667 1.03073 1.00308
17.709 1.03054 1.00336
17.7511 1.0303 1.00366
17.7929 1.03 1.00396
17.8343 1.02967 1.00428
17.8753 1.02929 1.0046
17.9156 1.02887 1.00493
17.9553 1.02842 1.00527
17.9941 1.02796 1.00561
18.0321 1.02748 1.00596
18.0692 1.02699 1.00631
18.1052 1.02651 1.00666
18.1401 1.02604 1.00701
18.1739 1.0256 1.00735
18.2065 1.02518 1.00769
18.238 1.02481 1.00802
18.2684 1.02448 1.00835
18.2977 1.02421 1.00866
18.3262 1.02398 1.00896
18.3539 1.02381 1.00924
18.381 1.02368 1.00951
18.4078 1.02359 1.00976
18.3958 1.02304 1.00104
18.4252 1.02295 1.00108
18.4547 1.02288 1.00113
18.4843 1.02282 1.00118
18.5142 1.02279 1.00123
18.5442 1.02278 1.00128
18.5746 1.02281 1.00133
18.6054 1.02288 1.00139
18.6365 1.02299 1.00145
18.6682 1.02313 1.00151
18.7003 1.02331 1.00157
18.733 1.02353 1.00162
18.7663 1.02377 1.00168
18.8003 1.02404 1.00173
18.8348 1.02433 1.00178
18.8701 1.02462 1.00182
18.906 1.02491 1.00186
18.9427 1.02518 1.00189
18.9801 1.02541 1.00192
19.0182 1.0256 1.00194
19.057 1.02573 1.00195
19.0964 1.02576 1.00196
19.1366 1.02569 1.00196
19.1773 1.02549 1.00196
19.2187 1.02513 1.00195
19.2606 1.02459 1.00194
19.3029 1.02385 1.00192
19.3456 1.02287 1.00191
19.3887 1.02163 1.00189
19.432 1.02009 1.00187
19.4754 1.01824 1.00185
19.5187 1.01602 1.00184
19.562 1.01342 1.00183
19.605 1.01041 1.00182
19.6477 1.00694 1.00182
19.6897 1.00301 1.00183
19.7312 0.998565 1.00184
19.7717 0.99359 1.00187
19.8113 0.988059 1.0019
19.8496 0.981947 1.00194
19.8867 0.975234 1.002
19.9223 0.9679 1.00206
19.9562 0.959933 1.00214
19.9885 0.951322 1.00222
20.0188 0.94206 1.00231
20.0473 0.932145 1.00241
20.0737 0.921582 1.00252
20.0982 0.910382 1.00263
20.1206 0.89856 1.00274
20.1412 0.88614 1.00285
20.16 0.873155 1.00296
20.1772 0.859642 1.00306
20.1932 0.845651 1.00315
20.2083 0.831239 1.00323
20.1968 0.825698 0.993418
20.2152 0.806981 0.993396
20.2336 0.788223 0.993376
20.2522 0.76938 0.993365
20.2709 0.750408 0.993365
20.2898 0.731265 0.993379
20.3091 0.711907 0.993411
20.3287 0.692295 0.993461
20.3486 0.672387 0.993531
20.369 0.652147 0.993622
20.39 0.631541 0.993734
20.4114 0.610539 0.993867
20.4335 0.589114 0.994022
20.4562 0.567247 0.994197
20.4796 0.544926 0.994393
20.5037 0.522145 0.994609
20.5286 0.498908 0.994844
20.5542 0.475229 0.995097
20.5807 0.451133 0.995369
20.608 0.426659 0.995658
20.6362 0.401856 0.995964
20.6652 0.376791 0.996286
20.6951 0.351543 0.996624
20.7258 0.326209 0.996977
20.7574 0.300901 0.997345
20.7897 0.275747 0.997728
20.8228 0.25089 0.998126
20.8566 0.226489 0.998539
20.891 0.202715 0.998968
20.926 0.179751 0.999413
20.9615 0.157787 0.999875
20.9974 0.137019 1.00036
21.0336 0.117643 1.00085
21.07 0.0998457 1.00137
21.1065 0.0838046 1.00191
21.143 0.0696731 1.00248
21.1794 0.0575734 1.00306
21.2158 0.0475837 1.00366
21.252 0.039725 1.00429
21.2881 0.0339449 1.00493
21.324 0.0300989 1.00559
21.36 0.0279305 1.00625
21.3962 0.0270467 1.00691
21.3838 0.0245508 0.996747
21.4103 0.0244866 0.996741
21.4368 0.0244295 0.996737
21.4634 0.0243851 0.996736
21.4901 0.0243582 0.996741
21.517 0.0243531 0.996753
21.5442 0.0243733 0.996772
21.5716 0.0244217 0.996802
21.5993 0.0245005 0.996841
21.6274 0.0246114 0.996892
21.6559 0.0247552 0.996955
21.6848 0.024932 0.997031
21.7142 0.0251413 0.997119
21.7441 0.0253819 0.99722
21.7745 0.0256519 0.997335
21.8054 0.0259487 0.997464
21.8369 0.0262692 0.997606
21.869 0.0266097 0.997763
21.9018 0.0269656 0.997933
21.9351 0.0273323 0.998117
21.9691 0.0277043 0.998315
22.0038 0.028076 0.998527
22.0391 0.0284412 0.998753
22.0751 0.0287938 0.998992
22.1117 0.029127 0.999245
22.1489 0.0294344 0.999512
22.1868 0.0297093 0.999791
22.2253 0.0299452 1.00008
22.2643 0.0301358 1.00039
22.3039 0.0302751 1.0007
22.344 0.0303575 1.00103
22.3845 0.0303778 1.00137
22.4255 0.0303318 1.00172
22.4668 0.0302155 1.00208
22.5084 0.0300264 1.00245
22.5502 0.0297623 1.00283
22.5921 0.0294226 1.00322
22.6341 0.0290074 1.00361
22.6761 0.0285184 1.00401
22.718 0.0279582 1.00442
22.7597 0.0273309 1.00483
22.8011 0.0266419 1.00524
22.8421 0.0258979 1.00565
22.8826 0.025107 1.00606
22.9225 0.0242784 1.00648
22.9617 0.0234223 1.00688
23.0001 0.0225503 1.00729
23.0376 0.0216745 1.00768
23.0742 0.0208077 1.00807
23.1097 0.0199629 1.00845
23.1442 0.0191532 1.00882
23.1776 0.0183912 1.00918
23.2098 0.0176885 1.00952
23.2408 0.0170553 1.00985
23.2708 0.0164998 1.01016
23.2998 0.0160268 1.01045
23.3278 0.0156382 1.01072
23.3551 0.0153306 1.01097
23.3818 0.0150954 1.0112
23.4082 0.0149166 1.01141
23.3948 0.0120052 1.00036
23.4216 0.0119483 1.00035
23.4486 0.0119009 1.00034
23.4756 0.0118705 1.00033
23.5028 0.0118636 1.00032
23.5301 0.0118863 1.00033
23.5577 0.0119438 1.00034
23.5856 0.0120403 1.00037
23.6138 0.0121795 1.00041
23.6424 0.012364 1.00045
23.6714 0.0125956 1.00052
23.7008 0.0128754 1.00059
23.7306 0.0132035 1.00068
23.761 0.0135792 1.00078
23.7919 0.0140008 1.0009
23.8234 0.014466 1.00103
23.8555 0.0149716 1.00117
23.8882 0.0155136 1.00133
23.9215 0.0160871 1.00151
23.9554 0.016687 1.00169
23.99 0.017307 1.00189
24.0253 0.0179407 1.00211
24.0612 0.018581 1.00233
24.0978 0.0192203 1.00257
24.135 0.0198509 1.00283
24.1729 0.0204649 1.00309
24.2114 0.0210542 1.00336
24.2505 0.0216106 1.00365
24.2902 0.0221264 1.00395
24.3304 0.0225937 1.00426
24.3711 0.0230055 1.00458
24.4123 0.0233549 1.00491
24.4538 0.0236358 1.00524
24.4957 0.023843 1.00559
24.5378 0.0239721 1.00594
24.5801 0.0240198 1.0063
24.6225 0.0239838 1.00667
24.6649 0.0238633 1.00704
24.7073 0.0236585 1.00741
24.7495 0.0233714 1.00779
24.7914 0.0230053 1.00817
24.833 0.0225648 1.00856
24.874 0.0220563 1.00894
24.9146 0.0214876 1.00932
24.9544 0.0208678 1.0097
24.9935 0.0202072 1.01008
25.0317 0.0195175 1.01045
25.0689 0.0188112 1.01082
25.1051 0.0181014 1.01118
25.1402 0.0174016 1.01153
25.1742 0.0167252 1.01187
25.207 0.0160849 1.0122
25.2387 0.0154926 1.01251
25.2693 0.0149582 1.01282
25.2988 0.0144891 1.0131
25.3273 0.0140892 1.01337
25.3551 0.0137584 1.01362
25.3823 0.0134906 1.01385
25.4091 0.0132734 1.01406
25.3951 0.00959 1.00217
25.422 0.00954179 1.00216
25.4489 0.00950369 1.00215
25.4759 0.0094837 1.00215
25.5031 0.00948904 1.00215
25.5304 0.00952608 1.00216
25.558 0.00960037 1.00218
25.5859 0.00971657 1.00221
25.6141 0.00987847 1.00226
25.6426 0.0100889 1.00231
25.6716 0.0103499 1.00238
25.701 0.0106625 1.00247
25.7308 0.0110267 1.00257
25.7612 0.0114417 1.00268
25.7921 0.0119057 1.00281
25.8236 0.0124161 1.00295
25.8556 0.0129694 1.0031
25.8883 0.0135612 1.00327
25.9215 0.0141864 1.00346
25.9554 0.0148389 1.00365
25.99 0.0155124 1.00386
26.0252 0.0161994 1.00409
26.0611 0.0168925 1.00432
26.0977 0.0175834 1.00457
26.1349 0.0182636 1.00483
26.1727 0.0189245 1.0051
26.2112 0.0195574 1.00537
26.2503 0.0201533 1.00566
26.2899 0.0207038 1.00596
26.3301 0.0212006 1.00627
26.3708 0.0216356 1.00658
26.4119 0.0220018 1.00691
26.4535 0.0222924 1.00724
26.4953 0.0225017 1.00757
26.5375 0.0226251 1.00791
26.5798 0.0226589 1.00826
26.6222 0.0226009 1.00861
26.6646 0.02245 1.00896
26.707 0.0222067 1.00932
26.7493 0.0218732 1.00968
26.7912 0.0214531 1.01003
26.8328 0.0209517 1.01039
26.874 0.0203758 1.01075
26.9146 0.0197341 1.01111
26.9545 0.0190365 1.01146
26.9936 0.0182945 1.01181
27.0319 0.0175208 1.01216
27.0692 0.0167291 1.0125
27.1054 0.0159338 1.01283
27.1406 0.0151495 1.01316
27.1747 0.0143911 1.01348
27.2076 0.0136725 1.01378
27.2393 0.0130065 1.01408
27.2699 0.0124041 1.01436
27.2994 0.0118733 1.01463
27.328 0.0114186 1.01488
27.3558 0.0110394 1.01512
27.383 0.0107296 1.01533
27.4099 0.0104753 1.01553
27.3973 0.00741038 1.00301
27.4241 0.00736119 1.003
27.4511 0.00732296 1.003
27.4781 0.00730426 1.003
27.5052 0.00731283 1.003
27.5326 0.00735553 1.00302
27.5601 0.00743831 1.00305
27.588 0.00756617 1.00309
27.6162 0.00774319 1.00315
27.6447 0.00797245 1.00322
27.6736 0.00825604 1.00331
27.703 0.00859508 1.00342
27.7328 0.00898965 1.00354
27.7631 0.00943887 1.00369
27.794 0.00994084 1.00385
27.8254 0.0104927 1.00403
27.8574 0.0110907 1.00422
27.89 0.0117301 1.00444
27.9232 0.0124054 1.00467
27.9571 0.0131102 1.00492
27.9916 0.0138375 1.00518
28.0268 0.0145795 1.00546
28.0626 0.015328 1.00576
28.0991 0.0160743 1.00607
28.1363 0.0168092 1.00639
28.1741 0.0175233 1.00673
28.2125 0.0182074 1.00708
28.2515 0.018852 1.00744
28.2911 0.0194479 1.00782
28.3313 0.019986 1.0082
28.3719 0.0204581 1.00859
28.413 0.0208563 1.00899
28.4545 0.0211736 1.00939
28.4963 0.0214038 1.00981
28.5384 0.0215419 1.01022
28.5807 0.0215841 1.01064
28.6231 0.021528 1.01107
28.6655 0.0213725 1.01149
28.7079 0.0211184 1.01192
28.7502 0.0207679 1.01234
28.7921 0.0203249 1.01276
28.8338 0.0197953 1.01318
28.8749 0.0191865 1.0136
28.9155 0.0185079 1.01401
28.9555 0.0177703 1.01441
28.9946 0.0169861 1.01481
29.0329 0.016169 1.01519
29.0703 0.0153339 1.01557
29.1066 0.0144963 1.01594
29.1419 0.0136721 1.0163
29.176 0.0128773 1.01664
29.2089 0.0121269 1.01698
29.2406 0.0114349 1.0173
29.2713 0.010813 1.0176
29.3008 0.0102699 1.0179
29.3294 0.00981045 1.01818
29.3572 0.00943413 1.01844
29.3845 0.00913423 1.0187
29.4114 0.00889581 1.01894
29.3982 0.00527367 1.00559
29.4251 0.00523209 1.00559
29.452 0.00520202 1.00558
29.479 0.00519252 1.00559
29.5061 0.00521172 1.0056
29.5335 0.00526684 1.00562
29.561 0.00536411 1.00566
29.5889 0.00550878 1.0057
29.617 0.00570507 1.00577
29.6455 0.00595617 1.00585
29.6744 0.00626422 1.00595
29.7038 0.00663029 1.00606
29.7336 0.00705438 1.0062
29.7639 0.00753543 1.00635
29.7947 0.00807132 1.00652
29.8261 0.00865891 1.00671
29.858 0.00929406 1.00692
29.8906 0.00997166 1.00714
29.9238 0.0106857 1.00739
29.9576 0.0114293 1.00765
29.9921 0.0121949 1.00792
30.0272 0.0129742 1.00821
30.063 0.0137582 1.00851
30.0994 0.0145376 1.00883
30.1365 0.0153026 1.00916
30.1743 0.0160432 1.0095
30.2126 0.0167494 1.00986
30.2516 0.017411 1.01022
30.2911 0.0180184 1.01059
30.3312 0.0185618 1.01098
30.3718 0.0190325 1.01136
30.4128 0.0194222 1.01176
30.4543 0.0197233 1.01216
30.4961 0.0199295 1.01256
30.5381 0.0200355 1.01296
30.5804 0.0200375 1.01337
30.6228 0.0199329 1.01378
30.6652 0.019721 1.01419
30.7076 0.0194027 1.0146
30.7499 0.0189805 1.015
30.7919 0.0184591 1.0154
30.8335 0.0178448 1.0158
30.8747 0.017146 1.01619
30.9153 0.016373 1.01658
30.9553 0.0155376 1.01696
30.9945 0.0146534 1.01733
31.0328 0.0137355 1.01769
31.0702 0.0127999 1.01804
31.1066 0.0118635 1.01839
31.1419 0.0109437 1.01872
31.176 0.0100577 1.01904
31.209 0.00922185 1.01936
31.2408 0.00845122 1.01966
31.2715 0.00775832 1.01995
31.3011 0.00715253 1.02023
31.3297 0.00663888 1.02049
31.3575 0.0062167 1.02074
31.3847 0.00587833 1.02098
31.4117 0.00560743 1.02121
31.3978 0.000542015 1.00759
31.4246 0.000521805 1.00757
31.4515 0.000514412 1.00756
31.4785 0.000529439 1.00756
31.5057 0.000575523 1.00756
31.533 0.000660303 1.00758
31.5606 0.000790388 1.00761
31.5884 0.000971325 1.00766
31.6166 0.00120758 1.00773
31.6451 0.0015025 1.00781
31.674 0.00185832 1.00791
31.7034 0.00227612 1.00804
31.7332 0.00275587 1.00818
31.7635 0.00329636 1.00835
31.7944 0.00389528 1.00854
31.8258 0.00454922 1.00875
31.8577 0.00525369 1.00898
31.8903 0.00600317 1.00923
31.9235 0.00679118 1.0095
31.9574 0.00761031 1.00979
31.9919 0.00845234 1.01009
32.027 0.0093083 1.01042
32.0628 0.0101686 1.01076
32.0993 0.0110231 1.01112
32.1364 0.0118613 1.0115
32.1742 0.0126724 1.01188
32.2126 0.0134456 1.01229
32.2517 0.0141698 1.0127
32.2913 0.0148345 1.01313
32.3314 0.0154295 1.01356
32.3721 0.0159448 1.01401
32.4132 0.0163716 1.01446
32.4547 0.0167017 1.01492
32.4966 0.0169281 1.01538
32.5387 0.0170449 1.01585
32.5811 0.0170477 1.01632
32.6236 0.0169338 1.0168
32.6662 0.0167019 1.01727
32.7086 0.0163529 1.01774
32.751 0.0158892 1.01821
32.7931 0.0153156 1.01868
32.8349 0.0146386 1.01915
32.8762 0.0138669 1.01961
32.9169 0.0130111 1.02006
32.957 0.0120839 1.02051
32.9963 0.0110994 1.02095
33.0348 0.0100736 1.02138
33.0723 0.00902346 1.0218
33.1087 0.00796705 1.02221
33.1441 0.00692269 1.02261
33.1783 0.00590876 1.023
33.2113 0.00494292 1.02338
33.2432 0.00404128 1.02375
33.2739 0.00321749 1.0241
33.3035 0.00248185 1.02445
33.3321 0.00184023 1.02478
33.3599 0.00129235 1.02509
33.3871 0.000831008 1.0254
33.414 0.000439525 1.02569
33.4005 0.000945896 1.01171
33.4343 0.000968733 1.01176
33.4683 0.00100894 1.01178
33.5024 0.00107868 1.01177
33.5368 0.00118781 1.0117
33.5716 0.00134383 1.01156
33.6069 0.00155181 1.01132
33.6427 0.00181443 1.01097
33.6791 0.00213188 1.01049
33.7162 0.00250197 1.00986
33.754 0.00292006 1.00907
33.7926 0.00337924 1.00811
33.8321 0.00387033 1.00695
33.8724 0.0043821 1.00561
33.9136 0.00490139 1.00406
33.9556 0.00541338 1.00231
33.9986 0.0059018 1.00035
34.0424 0.00634929 0.998201
34.087 0.0067377 0.995862
34.1324 0.00704849 0.993348
34.1786 0.00726319 0.990677
34.2253 0.00736377 0.987872
34.2726 0.00733321 0.984962
34.3204 0.00715595 0.981981
34.3683 0.00681845 0.978967
34.4164 0.00630962 0.975966
34.4644 0.00562145 0.973025
34.5121 0.00474937 0.970202
34.5593 0.00369281 0.967555
34.6057 0.00245548 0.965149
34.6511 0.00104584 0.963052
34.6952 -0.000522807 0.961338
34.7377 -0.00223211 0.960079
34.7783 -0.00405878 0.959351
34.8167 -0.0059747 0.959232
34.8526 -0.00794733 0.959795
34.8858 -0.00994036 0.961112
34.9159 -0.0119146 0.963249
34.9428 -0.0138291 0.966264
34.9662 -0.0156427 0.970206
34.986 -0.0173159 0.97511
35.0022 -0.0188135 0.980991
35.0148 -0.0201069 0.987845
35.0239 -0.0211776 0.995642
35.0299 -0.0220217 1.00432
35.0332 -0.0226534 1.01378
35.0345 -0.0231112 1.02388
35.0185 -0.0267922 1.0093
35.0092 -0.0287825 0.996239
