0.00305461 -0.00366732 0.99398
0.00295739 -0.00381998 0.994014
0.00314652 -0.00395711 0.994048
0.00390392 -0.00406147 0.994077
0.00550585 -0.00411611 0.994101
0.00822161 -0.00410439 0.994118
0.012312 -0.00401 0.994127
0.0180276 -0.0038171 0.994127
0.025607 -0.0035104 0.994119
0.0352751 -0.00307526 0.994101
0.0472405 -0.00249783 0.994077
0.0616936 -0.00176527 0.994047
0.0788045 -0.000865891 0.994012
0.0987198 0.000210619 0.993976
0.121561 0.00147295 0.99394
0.147422 0.00292794 0.993907
0.176365 0.00458028 0.993881
0.208419 0.00643227 0.993863
0.24358 0.00848352 0.993858
0.281804 0.0107307 0.993868
0.32301 0.0131672 0.993895
0.367072 0.0157829 0.993942
0.413828 0.0185643 0.99401
0.463067 0.0214937 0.994102
0.514542 0.0245497 0.994216
0.56796 0.0277068 0.994353
0.622991 0.0309356 0.994511
0.679269 0.0342029 0.994688
0.736397 0.0374724 0.994881
0.79395 0.0407045 0.995084
0.851488 0.0438574 0.995292
0.908562 0.0468879 0.995498
0.964726 0.0497525 0.995695
1.01955 0.0524085 0.995874
1.07265 0.0548162 0.996026
1.12369 0.0569405 0.996143
1.17241 0.0587535 0.996217
1.21865 0.0602373 0.996242
1.26241 0.0613872 0.996213
1.30385 0.0622157 0.996128
1.34335 0.0627569 0.995991
1.38153 0.0630715 0.995811
1.37973 0.0592342 0.992499
1.40869 0.0590223 0.992498
1.43772 0.0588149 0.992494
1.46687 0.0586155 0.992486
1.49622 0.0584272 0.99247
1.52583 0.0582526 0.992445
1.55575 0.0580938 0.992409
1.58604 0.0579523 0.99236
1.61675 0.057829 0.992296
1.64794 0.0577241 0.992214
1.67965 0.0576372 0.992115
1.71193 0.0575671 0.991996
1.74481 0.0575118 0.991856
1.77833 0.0574687 0.991695
1.81251 0.057434 0.991513
1.84739 0.0574031 0.991308
1.88298 0.0573703 0.991082
1.91928 0.057329 0.990833
1.95631 0.0572712 0.990564
1.99407 0.057188 0.990274
2.03254 0.0570689 0.989965
2.0717 0.0569022 0.989638
2.11154 0.0566748 0.989295
2.15201 0.0563723 0.988938
2.19307 0.0559786 0.98857
2.23467 0.0554761 0.988192
2.27675 0.0548456 0.987808
2.31924 0.0540664 0.98742
2.36205 0.0531162 0.987032
2.4051 0.051971 0.986647
2.44828 0.0506053 0.986267
2.49148 0.0489923 0.985898
2.53459 0.0471035 0.985542
2.57749 0.0449093 0.985202
2.62003 0.0423789 0.984883
2.66207 0.0394805 0.984588
2.70348 0.0361815 0.98432
2.74411 0.032449 0.984083
2.78379 0.0282499 0.983878
2.82239 0.0235511 0.983709
2.85975 0.0183205 0.983578
2.89573 0.012527 0.983487
2.93019 0.00614117 0.983438
2.96301 -0.000863854 0.983431
2.99407 -0.00851182 0.983467
3.02329 -0.0168226 0.983545
3.0506 -0.025811 0.983664
3.07596 -0.0354862 0.983824
3.09937 -0.0458497 0.984022
3.12088 -0.0568952 0.984256
3.14057 -0.0686063 0.98452
3.15859 -0.0809552 0.984812
3.17516 -0.0939013 0.985126
3.19057 -0.107389 0.985457
3.20519 -0.121346 0.985797
3.19776 -0.120038 0.980952
3.21658 -0.139267 0.980749
3.23548 -0.158566 0.980549
3.25451 -0.178006 0.980357
3.27376 -0.197654 0.980176
3.29329 -0.217577 0.980011
3.31317 -0.237837 0.979865
3.33345 -0.25849 0.979744
3.3542 -0.279591 0.979651
3.37548 -0.301185 0.979591
3.39734 -0.323313 0.979569
3.41982 -0.346007 0.979589
3.44297 -0.36929 0.979655
3.46683 -0.393177 0.979772
3.49142 -0.41767 0.979943
3.51677 -0.442759 0.980173
3.54289 -0.468423 0.980466
3.56979 -0.494625 0.980824
3.59747 -0.521313 0.981251
3.62592 -0.54842 0.981749
3.6551 -0.575861 0.98232
3.68499 -0.603535 0.982965
3.71553 -0.631323 0.983686
3.74669 -0.659089 0.984482
3.77837 -0.68668 0.985351
3.81051 -0.713925 0.986292
3.84302 -0.740641 0.987302
3.87579 -0.76663 0.988377
3.90873 -0.791685 0.989513
3.9417 -0.81559 0.990702
3.97461 -0.83813 0.991938
4.00733 -0.859091 0.993214
4.03974 -0.878266 0.994521
4.07174 -0.895469 0.995849
4.10323 -0.910538 0.997189
4.13414 -0.923347 0.998532
4.16442 -0.933824 0.999867
4.19405 -0.941955 1.00119
4.22307 -0.947811 1.00248
4.25157 -0.951559 1.00375
4.27971 -0.953489 1.00499
4.30773 -0.954033 1.0062
4.29872 -0.958791 1.00157
4.32407 -0.958928 1.00158
4.34949 -0.959051 1.00158
4.37507 -0.95915 1.00157
4.40087 -0.959215 1.00154
4.42696 -0.959238 1.00151
4.45342 -0.95921 1.00145
4.48031 -0.959125 1.00137
4.5077 -0.958974 1.00127
4.53564 -0.958753 1.00114
4.56419 -0.958457 1.00097
4.5934 -0.958082 1.00078
4.62333 -0.957623 1.00056
4.654 -0.95708 1.0003
4.68546 -0.956451 1.00001
4.71773 -0.955736 0.99968
4.75084 -0.954936 0.999319
4.78479 -0.954053 0.998925
4.81961 -0.953089 0.9985
4.85528 -0.952051 0.998046
4.89178 -0.950941 0.997565
4.92911 -0.949768 0.99706
4.96723 -0.948538 0.996537
5.00609 -0.947259 0.995997
5.04565 -0.945942 0.995448
5.08583 -0.944595 0.994894
5.12657 -0.94323 0.994341
5.16779 -0.941858 0.993797
5.20938 -0.940492 0.993267
5.25124 -0.939144 0.992759
5.29327 -0.937826 0.992282
5.33533 -0.936552 0.991843
5.37732 -0.935334 0.991449
5.4191 -0.934184 0.99111
5.46055 -0.933114 0.990832
5.50153 -0.932135 0.990623
5.54192 -0.931257 0.990489
5.58163 -0.930487 0.990437
5.62054 -0.929833 0.990472
5.65859 -0.929299 0.990596
5.69572 -0.928887 0.990811
5.73193 -0.928597 0.991118
5.76723 -0.928423 0.991512
5.80171 -0.928359 0.99199
5.8355 -0.928393 0.992541
5.86882 -0.928509 0.993152
5.90196 -0.928685 0.993807
5.89306 -0.930301 0.988317
5.92002 -0.9304 0.988315
5.94703 -0.930497 0.988313
5.97414 -0.930593 0.988309
6.00141 -0.930688 0.988305
6.02887 -0.930782 0.988299
6.05658 -0.930875 0.988293
6.08457 -0.93097 0.988285
6.11291 -0.931065 0.988276
6.14162 -0.931164 0.988266
6.17075 -0.931266 0.988255
6.20033 -0.931373 0.988243
6.23041 -0.931488 0.98823
6.26101 -0.931611 0.988217
6.29216 -0.931745 0.988203
6.3239 -0.931891 0.98819
6.35624 -0.932051 0.988177
6.3892 -0.932227 0.988165
6.42281 -0.932422 0.988156
6.45707 -0.932636 0.988148
6.492 -0.932873 0.988144
6.52759 -0.933133 0.988145
6.56385 -0.93342 0.98815
6.60076 -0.933733 0.98816
6.63832 -0.934076 0.988178
6.67651 -0.934448 0.988204
6.71531 -0.934852 0.988238
6.75469 -0.935288 0.988282
6.79461 -0.935756 0.988336
6.83503 -0.936256 0.988402
6.87591 -0.93679 0.988481
6.91719 -0.937354 0.988573
6.95882 -0.93795 0.98868
7.00072 -0.938574 0.988801
7.04283 -0.939225 0.988939
7.08508 -0.939901 0.989092
7.12736 -0.940598 0.989261
7.16961 -0.941312 0.989448
7.21173 -0.94204 0.989651
7.25363 -0.942777 0.98987
7.2952 -0.943518 0.990107
7.33636 -0.944257 0.990359
7.37699 -0.944987 0.990626
7.41701 -0.945704 0.990908
7.45632 -0.946399 0.991204
7.49482 -0.947066 0.991511
7.53243 -0.947699 0.99183
7.56908 -0.94829 0.992157
7.6047 -0.948833 0.992493
7.63924 -0.949322 0.992834
7.67267 -0.949751 0.993178
7.70497 -0.950116 0.993525
7.73616 -0.950414 0.993871
7.76627 -0.950644 0.994215
7.79538 -0.950805 0.994556
7.82361 -0.9509 0.994891
7.85111 -0.950935 0.995219
7.87808 -0.950919 0.995541
7.9048 -0.950865 0.995854
7.8955 -0.952663 0.98967
7.92246 -0.952752 0.989679
7.94947 -0.952837 0.989687
7.97658 -0.952916 0.989695
8.00384 -0.952987 0.989702
8.0313 -0.953047 0.989708
8.059 -0.953097 0.989714
8.08698 -0.953134 0.98972
8.1153 -0.953157 0.989725
8.14399 -0.953167 0.98973
8.1731 -0.953162 0.989734
8.20265 -0.953143 0.989738
8.23269 -0.953109 0.989741
8.26325 -0.953063 0.989745
8.29436 -0.953003 0.989748
8.32604 -0.952932 0.989752
8.35832 -0.952851 0.989757
8.39122 -0.952761 0.989763
8.42475 -0.952663 0.989771
8.45893 -0.95256 0.989781
8.49376 -0.952455 0.989794
8.52926 -0.952348 0.98981
8.56542 -0.952242 0.989831
8.60223 -0.952141 0.989856
8.63968 -0.952046 0.989887
8.67776 -0.951959 0.989925
8.71644 -0.951883 0.98997
8.75569 -0.951821 0.990023
8.79549 -0.951774 0.990085
8.83579 -0.951745 0.990157
8.87655 -0.951736 0.99024
8.91771 -0.951748 0.990333
8.95921 -0.951783 0.990439
9.001 -0.951842 0.990558
9.04299 -0.951925 0.99069
9.08512 -0.952032 0.990836
9.1273 -0.952165 0.990995
9.16945 -0.952321 0.991169
9.21148 -0.9525 0.991358
9.25328 -0.9527 0.99156
9.29478 -0.952919 0.991777
9.33586 -0.953155 0.992008
9.37643 -0.953404 0.992251
9.41639 -0.953663 0.992508
9.45565 -0.953928 0.992776
9.49411 -0.954194 0.993054
9.53169 -0.954457 0.993342
9.56832 -0.954711 0.993638
9.60393 -0.954952 0.993941
9.63846 -0.955175 0.994249
9.67188 -0.955375 0.994559
9.70419 -0.955547 0.994872
9.73538 -0.955688 0.995184
9.7655 -0.955795 0.995494
9.79463 -0.955865 0.995801
9.82287 -0.9559 0.996102
9.85039 -0.955901 0.996397
9.87738 -0.955872 0.996685
9.90411 -0.955819 0.996964
9.89544 -0.959815 0.991012
9.92935 -0.95994 0.991109
9.96333 -0.960026 0.991202
9.99745 -0.96004 0.99129
10.0318 -0.959949 0.99137
10.0664 -0.959721 0.99144
10.1014 -0.959328 0.991497
10.1368 -0.958743 0.991537
10.1726 -0.957943 0.991558
10.209 -0.956907 0.991556
10.2459 -0.955616 0.991531
10.2834 -0.954056 0.991477
10.3215 -0.952216 0.991395
10.3602 -0.95009 0.991282
10.3996 -0.947673 0.991136
10.4396 -0.944968 0.990956
10.4803 -0.94198 0.990743
10.5216 -0.938721 0.990495
10.5635 -0.935206 0.990213
10.6059 -0.931457 0.989898
10.6488 -0.927501 0.989552
10.6922 -0.923372 0.989177
10.7358 -0.919106 0.988775
10.7798 -0.914748 0.988349
10.8238 -0.910349 0.987903
10.8679 -0.905964 0.987442
10.9118 -0.901653 0.98697
10.9555 -0.897483 0.986493
10.9986 -0.893524 0.986015
11.0412 -0.889852 0.985543
11.0829 -0.886545 0.985083
11.1236 -0.883684 0.984642
11.1631 -0.881352 0.984226
11.2012 -0.879632 0.983841
11.2377 -0.878606 0.983493
11.2723 -0.878354 0.983189
11.3049 -0.878951 0.982933
11.3354 -0.880464 0.982731
11.3635 -0.882953 0.982587
11.3892 -0.886463 0.982502
11.4124 -0.891025 0.982479
11.4332 -0.896653 0.982518
11.4515 -0.903335 0.982615
11.4675 -0.911033 0.982767
11.4815 -0.919675 0.982967
11.4937 -0.929154 0.983205
11.5048 -0.939317 0.983468
11.4955 -0.93995 0.978245
11.5112 -0.956311 0.978151
11.5271 -0.972756 0.978068
11.5432 -0.989374 0.978009
11.5596 -1.00625 0.977987
11.5765 -1.02348 0.978013
11.5939 -1.04113 0.978095
11.612 -1.05929 0.978242
11.6308 -1.07801 0.978462
11.6505 -1.09736 0.978762
11.6712 -1.11736 0.979147
11.693 -1.13805 0.97962
11.716 -1.1594 0.980184
11.7403 -1.18139 0.980841
11.766 -1.20396 0.981589
11.7931 -1.22699 0.982427
11.8219 -1.25036 0.983351
11.8522 -1.27389 0.984355
11.8842 -1.29734 0.985432
11.9178 -1.32046 0.986573
11.9532 -1.34295 0.987769
11.9902 -1.36447 0.98901
12.0288 -1.38466 0.990282
12.069 -1.40315 0.991575
12.1108 -1.41959 0.992877
12.1539 -1.43364 0.994175
12.1983 -1.44504 0.995458
12.244 -1.45363 0.996717
12.2909 -1.45941 0.997945
12.339 -1.46257 0.999134
12.3883 -1.46361 1.00028
12.3779 -1.46653 0.993772
12.4111 -1.46663 0.993861
12.4443 -1.4667 0.993949
12.4777 -1.46669 0.994034
12.5113 -1.46659 0.994116
12.5452 -1.46636 0.994191
12.5794 -1.46598 0.994258
12.6141 -1.46541 0.994314
12.6491 -1.46464 0.994358
12.6847 -1.46365 0.994386
12.7209 -1.46242 0.994396
12.7576 -1.46095 0.994387
12.7949 -1.4592 0.994356
12.8328 -1.45719 0.9943
12.8714 -1.45491 0.99422
12.9107 -1.45236 0.994112
12.9506 -1.44955 0.993976
12.9911 -1.44648 0.993812
13.0323 -1.44318 0.99362
13.074 -1.43965 0.993398
13.1163 -1.43594 0.993149
13.1591 -1.43205 0.992873
13.2022 -1.42804 0.992572
13.2457 -1.42394 0.992247
13.2894 -1.41979 0.991901
13.3331 -1.41564 0.991537
13.3769 -1.41156 0.991158
13.4205 -1.40759 0.990768
13.4638 -1.40381 0.990371
13.5066 -1.40027 0.989971
13.5487 -1.39706 0.989573
13.59 -1.39423 0.989181
13.6302 -1.39187 0.988802
13.6693 -1.39004 0.988439
13.7069 -1.38884 0.988098
13.7428 -1.38832 0.987783
13.777 -1.38855 0.9875
13.8091 -1.38961 0.987251
13.8391 -1.39154 0.987042
13.8668 -1.3944 0.986874
13.8922 -1.39822 0.986749
13.915 -1.40303 0.986668
13.9355 -1.40883 0.986631
13.9535 -1.4156 0.986634
13.9693 -1.4233 0.986675
13.9831 -1.43187 0.986745
13.9953 -1.44121 0.986837
14.0062 -1.45117 0.986939
13.9962 -1.45252 0.980626
14.0137 -1.47061 0.980502
14.0313 -1.4888 0.980395
14.0492 -1.5072 0.980322
14.0676 -1.52592 0.980298
14.0865 -1.54504 0.980334
14.1062 -1.56468 0.980441
14.1268 -1.58493 0.980626
14.1483 -1.60584 0.980895
14.171 -1.62749 0.981252
14.1948 -1.64989 0.981699
14.2201 -1.67304 0.982238
14.2467 -1.6969 0.982867
14.2749 -1.72138 0.983585
14.3046 -1.74633 0.984388
14.3358 -1.77157 0.985272
14.3686 -1.79683 0.986232
14.4029 -1.82178 0.987261
14.4385 -1.84606 0.988354
14.4754 -1.86924 0.989504
14.5134 -1.89083 0.990704
14.5524 -1.91038 0.991948
14.592 -1.92739 0.993229
14.6321 -1.94148 0.994541
14.6726 -1.95232 0.995878
14.7133 -1.95981 0.997229
14.7542 -1.96409 0.998585
14.7955 -1.96569 0.999929
14.7834 -1.96868 0.991503
14.8081 -1.96875 0.991452
14.8329 -1.9688 0.991403
14.8579 -1.96882 0.991359
14.8831 -1.96882 0.991322
14.9086 -1.96877 0.991296
14.9344 -1.96868 0.991283
14.9607 -1.96854 0.991284
14.9874 -1.96835 0.991301
15.0147 -1.9681 0.991335
15.0426 -1.96779 0.991388
15.0712 -1.96743 0.991461
15.1004 -1.96701 0.991555
15.1304 -1.96655 0.99167
15.1612 -1.96604 0.991808
15.1928 -1.96549 0.991968
15.2253 -1.96491 0.992152
15.2586 -1.9643 0.99236
15.2928 -1.96368 0.992592
15.3278 -1.96305 0.992848
15.3638 -1.96243 0.993129
15.4006 -1.96183 0.993435
15.4382 -1.96125 0.993765
15.4767 -1.96071 0.994121
15.5159 -1.96022 0.9945
15.5558 -1.95979 0.994904
15.5964 -1.95943 0.995333
15.6375 -1.95914 0.995784
15.6791 -1.95894 0.996259
15.7211 -1.95883 0.996756
15.7634 -1.9588 0.997274
15.8058 -1.95888 0.997814
15.8483 -1.95904 0.998373
15.8906 -1.9593 0.998951
15.9328 -1.95965 0.999546
15.9746 -1.96007 1.00016
16.0159 -1.96056 1.00078
16.0565 -1.96112 1.00142
16.0965 -1.96171 1.00207
16.1355 -1.96234 1.00273
16.1737 -1.96298 1.00339
16.2108 -1.96361 1.00406
16.247 -1.96423 1.00474
16.2821 -1.96481 1.00541
16.3164 -1.96535 1.00607
16.3498 -1.96584 1.00673
16.3827 -1.96627 1.00739
16.4154 -1.96666 1.00802
16.4034 -1.96689 0.999408
16.4303 -1.96696 0.99935
16.4573 -1.96703 0.999293
16.4843 -1.96709 0.999237
16.5115 -1.96713 0.999184
16.5389 -1.96715 0.999135
16.5665 -1.96715 0.99909
16.5944 -1.96713 0.999051
16.6226 -1.96709 0.999016
16.6512 -1.96702 0.998987
16.6803 -1.96692 0.998964
16.7097 -1.9668 0.998947
16.7396 -1.96665 0.998937
16.7701 -1.96648 0.998932
16.801 -1.96629 0.998934
16.8326 -1.96607 0.998943
16.8647 -1.96584 0.998958
16.8975 -1.9656 0.99898
16.9309 -1.96534 0.999008
16.9649 -1.96509 0.999043
16.9996 -1.96483 0.999085
17.0349 -1.96457 0.999134
17.0709 -1.96432 0.99919
17.1075 -1.96409 0.999253
17.1448 -1.96388 0.999324
17.1827 -1.96369 0.999403
17.2213 -1.96354 0.999489
17.2604 -1.96342 0.999585
17.3001 -1.96334 0.999689
17.3403 -1.96331 0.999802
17.3809 -1.96334 0.999925
17.422 -1.96341 1.00006
17.4635 -1.96355 1.0002
17.5052 -1.96374 1.00035
17.5472 -1.964 1.00052
17.5894 -1.96433 1.0007
17.6316 -1.96471 1.00089
17.6738 -1.96516 1.00109
17.716 -1.96567 1.0013
17.7579 -1.96624 1.00153
17.7995 -1.96686 1.00177
17.8408 -1.96753 1.00203
17.8816 -1.96824 1.0023
17.9218 -1.96899 1.00258
17.9612 -1.96976 1.00288
18 -1.97054 1.00319
18.0378 -1.97133 1.00352
18.0747 -1.97211 1.00386
18.1105 -1.97288 1.00421
18.1453 -1.97362 1.00457
18.179 -1.97432 1.00494
18.2115 -1.97497 1.00532
18.2429 -1.97556 1.00571
18.2732 -1.97609 1.0061
18.3024 -1.97654 1.0065
18.3308 -1.97693 1.0069
18.3584 -1.97725 1.00729
18.3854 -1.9775 1.00768
18.4122 -1.97771 1.00806
18.4 -1.9785 0.998758
18.4269 -1.97856 0.998707
18.4539 -1.97862 0.998656
18.4809 -1.97867 0.998608
18.5081 -1.97869 0.998563
18.5355 -1.97869 0.998524
18.5631 -1.97867 0.998491
18.591 -1.97861 0.998465
18.6193 -1.97853 0.998447
18.6479 -1.9784 0.998437
18.6769 -1.97824 0.998435
18.7063 -1.97805 0.998443
18.7362 -1.97782 0.99846
18.7667 -1.97755 0.998486
18.7977 -1.97724 0.998522
18.8292 -1.97691 0.998568
18.8614 -1.97654 0.998623
18.8941 -1.97615 0.998688
18.9275 -1.97574 0.998763
18.9615 -1.97531 0.998848
18.9962 -1.97487 0.998943
19.0316 -1.97442 0.999048
19.0676 -1.97396 0.999162
19.1042 -1.97352 0.999286
19.1415 -1.97308 0.999421
19.1795 -1.97266 0.999565
19.2181 -1.97227 0.999719
19.2572 -1.9719 0.999884
19.2969 -1.97157 1.00006
19.3372 -1.97129 1.00024
19.3779 -1.97105 1.00044
19.4191 -1.97087 1.00064
19.4606 -1.97075 1.00086
19.5024 -1.97068 1.00109
19.5445 -1.97069 1.00132
19.5867 -1.97076 1.00157
19.6291 -1.9709 1.00183
19.6714 -1.97112 1.0021
19.7137 -1.9714 1.00238
19.7557 -1.97175 1.00266
19.7975 -1.97216 1.00296
19.8389 -1.97264 1.00327
19.8798 -1.97317 1.00359
19.9201 -1.97374 1.00392
19.9597 -1.97436 1.00426
19.9986 -1.975 1.00461
20.0365 -1.97567 1.00496
20.0735 -1.97635 1.00533
20.1095 -1.97702 1.0057
20.1444 -1.97769 1.00607
20.1782 -1.97832 1.00645
20.2108 -1.97893 1.00683
20.2423 -1.97949 1.00722
20.2726 -1.98 1.0076
20.302 -1.98045 1.00798
20.3304 -1.98084 1.00836
20.358 -1.98117 1.00872
20.3851 -1.98144 1.00908
20.4119 -1.98167 1.00943
20.4015 -1.98451 0.999941
20.4315 -1.98458 0.999927
20.4616 -1.98464 0.999915
20.4918 -1.98469 0.999906
20.5221 -1.98472 0.9999
20.5528 -1.98472 0.999901
20.5837 -1.9847 0.999907
20.6151 -1.98464 0.99992
20.6469 -1.98455 0.99994
20.6791 -1.98442 0.999965
20.7119 -1.98425 0.999997
20.7453 -1.98403 1.00003
20.7793 -1.98377 1.00008
20.8139 -1.98346 1.00012
20.8493 -1.9831 1.00017
20.8853 -1.98269 1.00022
20.922 -1.98222 1.00028
20.9595 -1.9817 1.00033
20.9977 -1.98112 1.00039
21.0367 -1.98047 1.00044
21.0764 -1.97975 1.0005
21.1167 -1.97896 1.00055
21.1578 -1.97809 1.0006
21.1995 -1.97713 1.00065
21.2418 -1.97607 1.00069
21.2846 -1.97489 1.00074
21.3279 -1.97359 1.00078
21.3715 -1.97215 1.00082
21.4155 -1.97054 1.00085
21.4596 -1.96876 1.00089
21.5038 -1.96676 1.00092
21.548 -1.96453 1.00096
21.592 -1.96204 1.001
21.6356 -1.95926 1.00103
21.6788 -1.95614 1.00108
21.7213 -1.95266 1.00112
21.763 -1.94877 1.00118
21.8038 -1.94444 1.00123
21.8434 -1.93961 1.0013
21.8817 -1.93426 1.00138
21.9185 -1.92832 1.00147
21.9536 -1.92177 1.00157
21.987 -1.91456 1.00168
22.0185 -1.90665 1.00181
22.048 -1.89802 1.00195
22.0754 -1.88862 1.00211
22.1008 -1.87846 1.00228
22.124 -1.86751 1.00246
22.1453 -1.85578 1.00266
22.1647 -1.84331 1.00285
22.1824 -1.83012 1.00306
22.1988 -1.81627 1.00326
22.2143 -1.80187 1.00345
22.2059 -1.81752 0.996614
22.23 -1.79334 0.996975
22.2541 -1.76892 0.997325
22.2781 -1.74404 0.997652
22.3021 -1.71852 0.997943
22.326 -1.69217 0.998181
22.3498 -1.66484 0.998348
22.3734 -1.6364 0.998427
22.3969 -1.60676 0.998398
22.4202 -1.57586 0.998243
22.4434 -1.54365 0.997944
22.4665 -1.51017 0.997486
22.4894 -1.47546 0.996854
22.5122 -1.43963 0.996038
22.5349 -1.40282 0.995032
22.5576 -1.36522 0.993832
22.5803 -1.32708 0.992442
22.6031 -1.28869 0.99087
22.6259 -1.25039 0.989132
22.649 -1.21254 0.987251
22.6722 -1.17557 0.985257
22.6957 -1.13991 0.983187
22.7195 -1.10603 0.981088
22.7437 -1.07439 0.979009
22.7683 -1.04544 0.97701
22.7933 -1.01961 0.975149
22.8188 -0.997281 0.973487
22.8447 -0.978729 0.972082
22.8711 -0.964134 0.970983
22.898 -0.953516 0.970223
22.9255 -0.946697 0.969813
22.9535 -0.943247 0.96973
22.9821 -0.942429 0.969907
22.9674 -0.946302 0.958858
22.9908 -0.946355 0.958781
23.0144 -0.946392 0.95872
23.0381 -0.946403 0.958696
23.0621 -0.946381 0.958727
23.0865 -0.94632 0.958827
23.1114 -0.946221 0.959011
23.1368 -0.946084 0.959294
23.1629 -0.945914 0.959687
23.1897 -0.945718 0.9602
23.2172 -0.945506 0.960844
23.2456 -0.945292 0.961624
23.275 -0.94509 0.962549
23.3052 -0.944917 0.963623
23.3366 -0.944793 0.964849
23.3689 -0.944738 0.966228
23.4024 -0.944773 0.967761
23.4369 -0.944919 0.969445
23.4726 -0.945198 0.971276
23.5094 -0.945629 0.973248
23.5472 -0.94623 0.975352
23.5861 -0.947017 0.977579
23.626 -0.948001 0.979914
23.6669 -0.949191 0.982344
23.7086 -0.950589 0.98485
23.751 -0.952193 0.987415
23.7941 -0.953994 0.990016
23.8377 -0.955977 0.992631
23.8817 -0.95812 0.995235
23.9258 -0.960393 0.997803
23.97 -0.96276 1.00031
24.014 -0.96518 1.00273
24.0576 -0.967604 1.00503
24.1008 -0.969983 1.00719
24.1433 -0.972262 1.00919
24.185 -0.974388 1.01101
24.2258 -0.976311 1.01263
24.2657 -0.977991 1.01405
24.3047 -0.979396 1.01525
24.3428 -0.980517 1.01626
24.3804 -0.981364 1.01708
24.4177 -0.981986 1.01775
24.4039 -0.985358 1.00598
24.4308 -0.9854 1.00595
24.4577 -0.985433 1.00593
24.4847 -0.985449 1.00591
24.5119 -0.985442 1.00589
24.5392 -0.985406 1.00588
24.5668 -0.985335 1.00588
24.5947 -0.985227 1.00588
24.6229 -0.985078 1.00589
24.6514 -0.984884 1.00591
24.6803 -0.984646 1.00594
24.7097 -0.984361 1.00598
24.7395 -0.984032 1.00603
24.7699 -0.983657 1.00609
24.8007 -0.983241 1.00616
24.8322 -0.982785 1.00623
24.8641 -0.982294 1.00631
24.8967 -0.981771 1.00641
24.93 -0.981222 1.0065
24.9638 -0.980653 1.00661
24.9983 -0.980071 1.00672
25.0335 -0.979483 1.00684
25.0693 -0.978896 1.00696
25.1057 -0.978318 1.00709
25.1428 -0.977758 1.00722
25.1806 -0.977224 1.00736
25.2189 -0.976724 1.0075
25.2579 -0.976267 1.00765
25.2974 -0.975861 1.0078
25.3374 -0.975515 1.00795
25.378 -0.975234 1.00811
25.4189 -0.975027 1.00827
25.4603 -0.974899 1.00844
25.502 -0.974855 1.00861
25.5439 -0.9749 1.00878
25.586 -0.975035 1.00896
25.6283 -0.975264 1.00914
25.6705 -0.975586 1.00933
25.7127 -0.975999 1.00952
25.7547 -0.976502 1.00971
25.7965 -0.97709 1.00992
25.8379 -0.977756 1.01013
25.8788 -0.978493 1.01034
25.9191 -0.979292 1.01057
25.9588 -0.980142 1.0108
25.9978 -0.981031 1.01103
26.0358 -0.981946 1.01128
26.073 -0.982872 1.01153
26.1091 -0.983795 1.0118
26.1441 -0.984699 1.01207
26.178 -0.985571 1.01234
26.2107 -0.986394 1.01263
26.2423 -0.987158 1.01291
26.2728 -0.98785 1.01321
26.3022 -0.988463 1.0135
26.3307 -0.988994 1.01379
26.3584 -0.989443 1.01408
26.3855 -0.989818 1.01437
26.4124 -0.990134 1.01464
26.3983 -0.994258 1.00208
26.4252 -0.994293 1.00206
26.4521 -0.994317 1.00205
26.4791 -0.994321 1.00205
26.5063 -0.9943 1.00205
26.5336 -0.994244 1.00205
26.5612 -0.99415 1.00207
26.5891 -0.994011 1.0021
26.6173 -0.993824 1.00215
26.6458 -0.993585 1.0022
26.6748 -0.993294 1.00227
26.7042 -0.992947 1.00236
26.734 -0.992546 1.00246
26.7644 -0.992091 1.00258
26.7953 -0.991583 1.00271
26.8267 -0.991027 1.00285
26.8588 -0.990425 1.00301
26.8914 -0.989782 1.00319
26.9247 -0.989103 1.00338
26.9585 -0.988395 1.00358
26.9931 -0.987665 1.0038
27.0283 -0.98692 1.00402
27.0642 -0.986168 1.00426
27.1007 -0.985418 1.00452
27.1379 -0.98468 1.00478
27.1757 -0.983962 1.00505
27.2142 -0.983274 1.00533
27.2532 -0.982625 1.00563
27.2928 -0.982024 1.00593
27.333 -0.98148 1.00623
27.3737 -0.981003 1.00655
27.4148 -0.980599 1.00687
27.4563 -0.980275 1.00719
27.4981 -0.980039 1.00753
27.5402 -0.979895 1.00786
27.5825 -0.979848 1.0082
27.6249 -0.979899 1.00854
27.6674 -0.980051 1.00889
27.7097 -0.980302 1.00923
27.7519 -0.980651 1.00958
27.7939 -0.981095 1.00993
27.8355 -0.981627 1.01028
27.8766 -0.982242 1.01062
27.9172 -0.982929 1.01097
27.9571 -0.98368 1.01131
27.9962 -0.98448 1.01165
28.0345 -0.985319 1.01199
28.0718 -0.98618 1.01233
28.1081 -0.987049 1.01266
28.1432 -0.987911 1.01298
28.1773 -0.988749 1.0133
28.2102 -0.989549 1.01361
28.2419 -0.990297 1.01392
28.2724 -0.990982 1.01421
28.302 -0.991595 1.0145
28.3305 -0.99213 1.01477
28.3583 -0.992588 1.01503
28.3854 -0.992974 1.01527
28.4123 -0.993303 1.0155
28.4005 -0.998469 1.00309
28.4274 -0.998478 1.00311
28.4544 -0.998474 1.00313
28.4814 -0.998451 1.00316
28.5086 -0.998399 1.0032
28.536 -0.998312 1.00325
28.5637 -0.998184 1.0033
28.5916 -0.99801 1.00338
28.6198 -0.997786 1.00346
28.6484 -0.997509 1.00356
28.6773 -0.997176 1.00368
28.7068 -0.996787 1.00381
28.7366 -0.996342 1.00396
28.767 -0.995842 1.00413
28.7979 -0.99529 1.00431
28.8294 -0.994688 1.0045
28.8614 -0.99404 1.00472
28.894 -0.993353 1.00494
28.9273 -0.992631 1.00519
28.9612 -0.991883 1.00544
28.9958 -0.991115 1.00571
29.031 -0.990335 1.00599
29.0668 -0.989554 1.00628
29.1033 -0.98878 1.00659
29.1405 -0.988022 1.0069
29.1783 -0.987292 1.00722
29.2168 -0.986598 1.00755
29.2558 -0.985952 1.00789
29.2954 -0.985363 1.00823
29.3355 -0.984841 1.00858
29.3762 -0.984394 1.00893
29.4173 -0.984032 1.00929
29.4588 -0.983761 1.00965
29.5006 -0.983589 1.01001
29.5427 -0.98352 1.01037
29.585 -0.983559 1.01073
29.6274 -0.983709 1.01109
29.6699 -0.983969 1.01145
29.7122 -0.984341 1.0118
29.7545 -0.984821 1.01216
29.7965 -0.985406 1.01251
29.8381 -0.986088 1.01286
29.8792 -0.98686 1.0132
29.9198 -0.987712 1.01354
29.9597 -0.988633 1.01388
29.9989 -0.989609 1.01421
30.0372 -0.990625 1.01454
30.0745 -0.991666 1.01486
30.1108 -0.992714 1.01518
30.146 -0.993753 1.01549
30.18 -0.994765 1.0158
30.2129 -0.995735 1.01611
30.2446 -0.996646 1.01641
30.2752 -0.997486 1.0167
30.3047 -0.998246 1.01699
30.3332 -0.998919 1.01727
30.361 -0.999506 1.01755
30.3881 -1.00001 1.01782
30.4149 -1.00046 1.01808
30.3992 -1.0053 1.00446
30.4261 -1.00531 1.00441
30.453 -1.00531 1.00436
30.48 -1.00528 1.00432
30.5072 -1.00521 1.0043
30.5346 -1.00511 1.00429
30.5622 -1.00496 1.0043
30.59 -1.00476 1.00432
30.6183 -1.00449 1.00438
30.6468 -1.00417 1.00445
30.6758 -1.00378 1.00456
30.7052 -1.00333 1.00469
30.7351 -1.0028 1.00485
30.7655 -1.00222 1.00504
30.7965 -1.00157 1.00527
30.828 -1.00086 1.00552
30.8601 -1.00009 1.0058
30.8928 -0.999276 1.00612
30.9262 -0.998414 1.00647
30.9602 -0.997515 1.00684
30.9949 -0.996586 1.00725
31.0303 -0.995636 1.00769
31.0663 -0.994674 1.00816
31.103 -0.993711 1.00865
31.1404 -0.992757 1.00918
31.1784 -0.991823 1.00972
31.2171 -0.990919 1.0103
31.2564 -0.990057 1.0109
31.2963 -0.989248 1.01152
31.3368 -0.988502 1.01216
31.3777 -0.98783 1.01282
31.4192 -0.98724 1.01349
31.461 -0.986742 1.01418
31.5032 -0.986344 1.01489
31.5457 -0.986051 1.0156
31.5883 -0.98587 1.01633
31.6312 -0.985804 1.01705
31.674 -0.985855 1.01779
31.7168 -0.986024 1.01852
31.7594 -0.986309 1.01926
31.8018 -0.986707 1.01999
31.8438 -0.987213 1.02071
31.8854 -0.98782 1.02143
31.9264 -0.988519 1.02213
31.9667 -0.989298 1.02282
32.0062 -0.990145 1.0235
32.0448 -0.991046 1.02416
32.0824 -0.991984 1.0248
32.119 -0.992943 1.02542
32.1544 -0.993906 1.02601
32.1887 -0.994856 1.02658
32.2218 -0.995775 1.02713
32.2536 -0.996648 1.02765
32.2843 -0.997461 1.02814
32.3139 -0.998204 1.02861
32.3425 -0.998869 1.02905
32.3702 -0.999456 1.02947
32.3973 -0.999969 1.02987
32.4241 -1.00042 1.03025
32.4091 -1.00367 1.0161
32.4429 -1.00368 1.01601
32.4767 -1.0037 1.01592
32.5106 -1.00371 1.01585
32.5448 -1.00375 1.01578
32.5792 -1.00381 1.01574
32.614 -1.0039 1.01573
32.6491 -1.00405 1.01573
32.6848 -1.00425 1.01577
32.7209 -1.00453 1.01582
32.7576 -1.0049 1.01591
32.7949 -1.00538 1.01601
32.8327 -1.00597 1.01614
32.8713 -1.00671 1.01629
32.9105 -1.0076 1.01646
32.9503 -1.00866 1.01665
32.9908 -1.0099 1.01685
33.032 -1.01132 1.01707
33.0739 -1.01295 1.0173
33.1163 -1.01478 1.01753
33.1594 -1.01682 1.01777
33.2029 -1.01905 1.01802
33.2469 -1.02148 1.01828
33.2912 -1.02408 1.01854
33.3358 -1.02684 1.0188
33.3805 -1.02972 1.01906
33.4253 -1.0327 1.01933
33.4699 -1.03572 1.01961
33.5142 -1.03873 1.01989
33.558 -1.04168 1.02017
33.6011 -1.0445 1.02047
33.6433 -1.04711 1.02078
33.6844 -1.04942 1.02111
33.7242 -1.05136 1.02145
33.7624 -1.05281 1.02181
33.7988 -1.05369 1.0222
33.8333 -1.05389 1.02262
33.8655 -1.05332 1.02307
33.8953 -1.05189 1.02356
33.9227 -1.04951 1.02408
33.9473 -1.04611 1.02464
33.9694 -1.04163 1.02525
33.9888 -1.03606 1.02589
34.0057 -1.0294 1.02657
34.0203 -1.0217 1.02728
34.033 -1.01306 1.02802
34.0443 -1.00363 1.02876
34.0335 -1.00578 1.01648
34.0579 -0.980664 1.01646
34.0826 -0.954902 1.01614
34.108 -0.927979 1.01522
34.1342 -0.899517 1.01342
34.1615 -0.86929 1.01049
34.19 -0.837248 1.00625
34.2199 -0.803528 1.0006
34.251 -0.768458 0.993591
34.2834 -0.732563 0.985383
34.3168 -0.696544 0.976331
34.3507 -0.661259 0.966974
34.3846 -0.627676 0.95805
34.4176 -0.596821 0.950483
34.4486 -0.569697 0.945353
34.4762 -0.547193 0.943824
34.4993 -0.529969 0.947032
34.5166 -0.518322 0.955912
34.5274 -0.512036 0.970948
34.5321 -0.510212 0.991835
34.5199 -0.513892 0.97835
34.5109 -0.514536 0.966001
34.534 -0.49082 0.966136
34.5575 -0.466533 0.967621
34.5815 -0.441185 0.971715
34.6065 -0.414397 0.979554
34.6326 -0.38592 0.992122
34.6599 -0.35565 1.01022
34.6887 -0.323637 1.0344
34.719 -0.290095 1.06496
34.7508 -0.255405 1.10184
34.7839 -0.220105 1.14461
34.818 -0.184877 1.19242
34.8527 -0.150519 1.24397
34.8872 -0.117908 1.29751
34.9208 -0.087948 1.3509
34.9523 -0.061503 1.40166
34.9804 -0.0393184 1.44719
35.0038 -0.0219249 1.48501
35.0216 -0.00952971 1.5131
35.0332 -0.00189167 1.53049
35.0388 0.0018152 1.53785
35.0255 -0.00182834 1.52423
