-0.00319218 -0.0100971 0.992124
-0.00355958 -0.0103108 0.99209
-0.00332195 -0.010377 0.992038
-0.00188204 -0.0101591 0.991957
0.00134024 -0.00952786 0.99184
0.00690044 -0.00836351 0.991679
0.0153209 -0.00655836 0.991471
0.027081 -0.00401987 0.991215
0.0426063 -0.00067415 0.99091
0.0622568 0.00353017 0.99056
0.086315 0.00861781 0.990171
0.114973 0.0145826 0.989748
0.148321 0.0213836 0.989302
0.186338 0.0289413 0.988845
0.228879 0.0371353 0.98839
0.275678 0.0458027 0.987951
0.32634 0.0547389 0.987545
0.380352 0.063701 0.987188
0.437097 0.0724141 0.986894
0.495882 0.0805825 0.986679
0.55597 0.0879063 0.986552
0.616642 0.0941036 0.986522
0.677268 0.0989419 0.986591
0.737398 0.102277 0.986757
0.796893 0.104106 0.987008
0.856072 0.104629 0.987325
0.847241 0.0986406 0.980035
0.873346 0.0985304 0.98002
0.899502 0.0984189 0.980003
0.925761 0.0983031 0.979984
0.952172 0.0981802 0.979962
0.978784 0.0980473 0.979939
1.00564 0.0979014 0.979913
1.0328 0.0977397 0.979885
1.0603 0.0975595 0.979856
1.08818 0.097358 0.979825
1.11648 0.0971326 0.979792
1.14524 0.0968808 0.979759
1.17451 0.0966001 0.979726
1.20431 0.0962884 0.979693
1.23468 0.0959436 0.979661
1.26564 0.0955636 0.979631
1.29722 0.0951469 0.979603
1.32945 0.0946918 0.979579
1.36233 0.0941972 0.979559
1.3959 0.0936621 0.979545
1.43015 0.0930856 0.979538
1.46509 0.0924673 0.979538
1.50073 0.0918071 0.979548
1.53706 0.0911052 0.979568
1.57407 0.090362 0.979599
1.61175 0.0895783 0.979642
1.65009 0.0887554 0.9797
1.68905 0.0878949 0.979773
1.72861 0.0869986 0.979862
1.76873 0.0860689 0.979968
1.80937 0.0851085 0.980093
1.85049 0.0841205 0.980237
1.89201 0.0831084 0.980401
1.9339 0.0820761 0.980585
1.97608 0.0810277 0.980791
2.01847 0.0799679 0.981018
2.06101 0.0789017 0.981267
2.10361 0.0778342 0.981537
2.14619 0.0767711 0.981828
2.18865 0.0757182 0.98214
2.2309 0.0746815 0.982472
2.27284 0.0736672 0.982822
2.31438 0.0726816 0.983189
2.35542 0.0717312 0.983573
2.39586 0.0708223 0.983969
2.4356 0.0699611 0.984378
2.47454 0.0691538 0.984795
2.51261 0.0684062 0.98522
2.54973 0.0677236 0.985648
2.58581 0.0671109 0.986077
2.6208 0.0665723 0.986505
2.65467 0.0661111 0.986927
2.68737 0.0657297 0.987342
2.71891 0.0654292 0.987747
2.74931 0.0652094 0.988138
2.7786 0.0650684 0.988515
2.80688 0.0650026 0.988875
2.83425 0.065006 0.989219
2.86089 0.0650703 0.989545
2.88699 0.0651847 0.989856
2.91282 0.065335 0.990154
2.90771 0.0588817 0.985583
2.94159 0.0586353 0.985597
2.97554 0.0584259 0.985607
3.00963 0.058288 0.985609
3.04393 0.0582545 0.985599
3.07852 0.0583568 0.985574
3.11345 0.0586247 0.985529
3.14877 0.0590859 0.985463
3.18455 0.0597659 0.985371
3.22082 0.060688 0.985251
3.25763 0.0618726 0.985101
3.29501 0.0633373 0.98492
3.33299 0.0650965 0.984705
3.37159 0.0671609 0.984457
3.41082 0.0695374 0.984174
3.45067 0.0722287 0.983857
3.49114 0.0752331 0.983507
3.5322 0.0785439 0.983124
3.57382 0.082149 0.982712
3.61596 0.0860313 0.982272
3.65856 0.0901676 0.981808
3.70155 0.0945286 0.981324
3.74484 0.0990789 0.980822
3.78834 0.103777 0.98031
3.83192 0.108574 0.979791
3.87547 0.113415 0.979272
3.91885 0.118239 0.978759
3.96189 0.122978 0.978258
4.00444 0.127558 0.977776
4.04632 0.131901 0.97732
4.08734 0.135923 0.976898
4.12732 0.139535 0.976516
4.16605 0.142646 0.976182
4.20334 0.145164 0.975901
4.239 0.146996 0.975681
4.27283 0.148049 0.975527
4.30466 0.148238 0.975444
4.33433 0.147479 0.975435
4.36172 0.145702 0.975504
4.38673 0.142847 0.975652
4.40931 0.138871 0.975879
4.42945 0.133751 0.976183
4.44722 0.127492 0.97656
4.46276 0.120128 0.977004
4.47632 0.111731 0.977506
4.48824 0.102418 0.978056
4.499 0.0923575 0.978638
4.49014 0.0886794 0.974688
4.50243 0.0759654 0.974648
4.51478 0.0632204 0.97461
4.52722 0.0504086 0.974577
4.53982 0.0374928 0.974554
4.55261 0.024434 0.974543
4.56566 0.0111917 0.974548
4.57902 -0.00227595 0.974572
4.59272 -0.0160122 0.974619
4.60683 -0.0300612 0.974693
4.6214 -0.0444683 0.974797
4.63646 -0.0592794 0.974934
4.65208 -0.074541 0.975108
4.66829 -0.0902997 0.975322
4.68513 -0.106602 0.975579
4.70267 -0.123494 0.975882
4.72092 -0.141022 0.976233
4.73994 -0.159229 0.976635
4.75975 -0.178159 0.97709
4.78039 -0.197852 0.977598
4.8019 -0.218347 0.97816
4.82429 -0.23968 0.978777
4.84759 -0.261883 0.979448
4.87181 -0.284986 0.980171
4.89697 -0.309014 0.980944
4.92307 -0.33399 0.981764
4.95013 -0.359928 0.982628
4.97813 -0.386844 0.983531
5.00707 -0.414744 0.984468
5.03695 -0.443633 0.985432
5.06775 -0.47351 0.986417
5.09945 -0.504371 0.987415
5.13204 -0.536209 0.98842
5.1655 -0.569014 0.989424
5.19981 -0.602776 0.990419
5.23496 -0.637483 0.991399
5.27094 -0.673126 0.992358
5.30776 -0.709702 0.993294
5.34543 -0.74721 0.994202
5.38397 -0.785662 0.995086
5.37286 -0.784651 0.988243
5.39116 -0.803109 0.988172
5.40948 -0.821583 0.9881
5.42783 -0.840088 0.988028
5.44623 -0.858639 0.987956
5.46469 -0.877252 0.987884
5.48322 -0.895942 0.987811
5.50185 -0.914724 0.987739
5.52059 -0.933612 0.987667
5.53945 -0.952623 0.987595
5.55844 -0.971769 0.987523
5.57759 -0.991065 0.987452
5.59689 -1.01052 0.98738
5.61638 -1.03016 0.987309
5.63605 -1.04999 0.987238
5.65592 -1.07002 0.987167
5.676 -1.09026 0.987097
5.69631 -1.11074 0.987027
5.71686 -1.13145 0.986957
5.73765 -1.1524 0.986888
5.75869 -1.17362 0.98682
5.78 -1.19511 0.986752
5.80158 -1.21687 0.986685
5.82343 -1.23892 0.986619
5.84558 -1.26127 0.986554
5.86801 -1.28391 0.986491
5.89075 -1.30686 0.986429
5.91379 -1.33012 0.986369
5.93713 -1.35369 0.986311
5.96079 -1.37758 0.986255
5.98475 -1.4018 0.986202
6.00902 -1.42633 0.986151
6.03361 -1.45118 0.986104
6.05851 -1.47636 0.986061
6.08371 -1.50185 0.986022
6.10922 -1.52765 0.985987
6.13502 -1.55377 0.985957
6.16112 -1.58019 0.985932
6.18751 -1.6069 0.985913
6.21417 -1.63391 0.985901
6.2411 -1.66119 0.985895
6.26829 -1.68873 0.985897
6.29572 -1.71653 0.985906
6.32338 -1.74457 0.985924
6.35126 -1.77283 0.985951
6.37934 -1.8013 0.985988
6.40759 -1.82995 0.986034
6.43601 -1.85878 0.986092
6.46457 -1.88775 0.986161
6.49325 -1.91685 0.986241
6.52203 -1.94604 0.986334
6.55088 -1.97532 0.98644
6.57977 -2.00464 0.98656
6.60869 -2.03398 0.986694
6.63759 -2.06331 0.986842
6.66647 -2.09261 0.987005
6.69527 -2.12184 0.987184
6.72398 -2.15097 0.987378
6.75257 -2.17997 0.987589
6.78099 -2.20881 0.987817
6.80923 -2.23745 0.988061
6.83725 -2.26586 0.988322
6.86501 -2.29401 0.988601
6.89249 -2.32186 0.988897
6.91966 -2.34939 0.989211
6.94647 -2.37656 0.989541
6.97292 -2.40334 0.98989
6.99896 -2.42971 0.990255
7.02458 -2.45563 0.990637
7.04974 -2.48109 0.991037
7.07443 -2.50605 0.991452
7.09862 -2.53051 0.991883
7.12231 -2.55444 0.992329
7.14548 -2.57783 0.99279
7.16812 -2.60067 0.993264
7.19023 -2.62297 0.993752
7.21181 -2.64473 0.994251
7.23288 -2.66594 0.994762
7.25344 -2.68664 0.995282
7.27353 -2.70685 0.995812
7.29317 -2.72659 0.996348
7.31241 -2.74591 0.996891
7.33129 -2.76486 0.997439
7.34988 -2.78351 0.99799
7.36825 -2.80193 0.998543
7.38648 -2.82021 0.999096
7.40468 -2.83845 0.999647
7.39763 -2.83685 0.99326
7.42076 -2.86011 0.993195
7.44389 -2.8834 0.993129
7.46705 -2.90675 0.993061
7.49025 -2.93019 0.99299
7.5135 -2.95375 0.992917
7.5368 -2.97747 0.992839
7.56018 -3.00136 0.992756
7.58365 -3.02545 0.992668
7.6072 -3.04977 0.992574
7.63086 -3.07435 0.992472
7.65463 -3.09922 0.992363
7.67852 -3.12438 0.992246
7.70255 -3.14986 0.99212
7.7267 -3.17569 0.991984
7.751 -3.20188 0.991838
7.77545 -3.22845 0.991682
7.80006 -3.25541 0.991514
7.82482 -3.28277 0.991335
7.84974 -3.31054 0.991144
7.87483 -3.33873 0.990941
7.90008 -3.36735 0.990726
7.9255 -3.39638 0.990499
7.95108 -3.42584 0.990259
7.97682 -3.45571 0.990007
8.00273 -3.486 0.989744
8.02878 -3.51667 0.989469
8.05499 -3.54773 0.989183
8.08132 -3.57914 0.988887
8.1078 -3.61089 0.988581
8.13438 -3.64295 0.988266
8.16107 -3.67528 0.987944
8.18785 -3.70785 0.987615
8.21471 -3.74062 0.987282
8.24162 -3.77353 0.986944
8.26856 -3.80655 0.986604
8.29552 -3.8396 0.986264
8.32246 -3.87265 0.985926
8.34937 -3.90561 0.985592
8.37621 -3.93842 0.985263
8.40295 -3.97101 0.984943
8.42957 -4.0033 0.984633
8.45604 -4.03521 0.984337
8.48231 -4.06666 0.984057
8.50836 -4.09755 0.983796
8.53414 -4.1278 0.983556
8.55962 -4.15732 0.983341
8.58477 -4.18601 0.983154
8.60955 -4.21378 0.982997
8.63391 -4.24053 0.982874
8.65783 -4.26617 0.982787
8.68126 -4.29061 0.982739
8.70418 -4.31377 0.982733
8.72654 -4.33555 0.982772
8.74833 -4.35589 0.982858
8.76952 -4.3747 0.982992
8.79008 -4.39194 0.983176
8.80999 -4.40756 0.983413
8.82926 -4.42151 0.983702
8.84788 -4.43377 0.984043
8.86585 -4.44436 0.984437
8.88319 -4.45327 0.984883
8.89993 -4.46056 0.985378
8.9161 -4.4663 0.98592
8.93176 -4.47059 0.986504
8.94698 -4.47355 0.987127
8.96185 -4.47536 0.987782
8.97647 -4.47624 0.98846
8.99096 -4.47645 0.989154
8.98324 -4.48018 0.983329
9.00689 -4.48029 0.983333
9.03063 -4.48037 0.983338
9.05455 -4.48041 0.983344
9.07874 -4.48038 0.983353
9.10328 -4.48026 0.983364
9.12826 -4.48005 0.983379
9.15375 -4.47973 0.983397
9.17983 -4.47928 0.983418
9.20657 -4.47869 0.983442
9.23404 -4.47797 0.983469
9.26229 -4.47711 0.983498
9.29138 -4.4761 0.983529
9.32135 -4.47495 0.983561
9.35225 -4.47366 0.983593
9.38409 -4.47224 0.983624
9.41692 -4.47069 0.983656
9.45072 -4.46904 0.983686
9.48551 -4.46728 0.983716
9.52128 -4.46544 0.983745
9.55798 -4.46353 0.983773
9.5956 -4.46159 0.983803
9.63408 -4.45961 0.983835
9.67334 -4.45764 0.98387
9.71333 -4.45568 0.983913
9.75393 -4.45377 0.983964
9.79506 -4.45192 0.984028
9.83659 -4.45016 0.984108
9.87839 -4.44851 0.98421
9.92034 -4.44699 0.984337
9.9623 -4.44561 0.984496
10.0041 -4.4444 0.984691
10.0457 -4.44335 0.984929
10.0868 -4.44248 0.985214
10.1275 -4.4418 0.985552
10.1675 -4.4413 0.985946
10.2069 -4.44097 0.986399
10.2456 -4.44082 0.986911
10.2837 -4.44081 0.987482
10.3212 -4.44093 0.988105
10.3584 -4.44116 0.988773
10.3956 -4.44145 0.98947
10.3867 -4.44114 0.982594
10.4132 -4.44122 0.982532
10.4398 -4.44129 0.982471
10.4664 -4.44135 0.982412
10.4932 -4.44141 0.982357
10.5202 -4.44146 0.982308
10.5474 -4.44151 0.982264
10.5749 -4.44154 0.982228
10.6027 -4.44156 0.9822
10.6309 -4.44158 0.982181
10.6595 -4.44159 0.982171
10.6885 -4.44159 0.982173
10.718 -4.44158 0.982186
10.748 -4.44157 0.98221
10.7786 -4.44156 0.982247
10.8097 -4.44155 0.982297
10.8414 -4.44153 0.982361
10.8737 -4.44153 0.982439
10.9066 -4.44153 0.98253
10.9401 -4.44153 0.982637
10.9743 -4.44156 0.982758
11.0092 -4.4416 0.982895
11.0447 -4.44166 0.983047
11.0809 -4.44174 0.983214
11.1177 -4.44185 0.983398
11.1551 -4.44199 0.983597
11.1932 -4.44216 0.983812
11.2318 -4.44237 0.984043
11.271 -4.44261 0.984289
11.3107 -4.4429 0.984551
11.3508 -4.44323 0.984829
11.3915 -4.44361 0.985122
11.4324 -4.44403 0.98543
11.4737 -4.44449 0.985753
11.5153 -4.44501 0.986091
11.557 -4.44557 0.986442
11.5989 -4.44618 0.986807
11.6408 -4.44683 0.987184
11.6826 -4.44752 0.987574
11.7242 -4.44824 0.987976
11.7656 -4.449 0.988388
11.8067 -4.44978 0.988811
11.8474 -4.45059 0.989243
11.8875 -4.45141 0.989683
11.927 -4.45224 0.99013
11.9658 -4.45307 0.990584
12.0037 -4.45389 0.991042
12.0408 -4.4547 0.991505
12.0769 -4.45548 0.991971
12.112 -4.45622 0.992438
12.1461 -4.45693 0.992906
12.179 -4.45758 0.993373
12.2108 -4.45817 0.993837
12.2415 -4.45871 0.994299
12.2712 -4.45917 0.994755
12.2998 -4.45957 0.995206
12.3276 -4.4599 0.99565
12.3547 -4.46016 0.996085
12.3813 -4.46037 0.996512
12.4076 -4.46053 0.996929
12.398 -4.46147 0.989286
12.4249 -4.46154 0.989228
12.4519 -4.46161 0.98917
12.479 -4.46166 0.989114
12.5062 -4.4617 0.98906
12.5337 -4.46172 0.98901
12.5613 -4.46172 0.988964
12.5893 -4.4617 0.988924
12.6176 -4.46164 0.988888
12.6463 -4.46156 0.988859
12.6753 -4.46145 0.988836
12.7049 -4.46131 0.988819
12.7349 -4.46114 0.98881
12.7654 -4.46093 0.988808
12.7965 -4.4607 0.988813
12.8282 -4.46044 0.988826
12.8605 -4.46016 0.988846
12.8933 -4.45985 0.988874
12.9269 -4.45951 0.98891
12.961 -4.45916 0.988954
12.9959 -4.4588 0.989006
13.0314 -4.45842 0.989066
13.0675 -4.45804 0.989135
13.1044 -4.45765 0.989212
13.1418 -4.45726 0.989298
13.18 -4.45689 0.989392
13.2187 -4.45652 0.989495
13.258 -4.45617 0.989607
13.2978 -4.45584 0.989729
13.3382 -4.45554 0.98986
13.379 -4.45526 0.99
13.4203 -4.45502 0.990151
13.4619 -4.45482 0.990312
13.5038 -4.45466 0.990484
13.5459 -4.45455 0.990668
13.5881 -4.45448 0.990862
13.6304 -4.45447 0.991069
13.6727 -4.4545 0.991288
13.7149 -4.45458 0.99152
13.7569 -4.45472 0.991766
13.7986 -4.4549 0.992025
13.8398 -4.45513 0.992298
13.8806 -4.4554 0.992586
13.9207 -4.45572 0.992888
13.9602 -4.45606 0.993206
13.9988 -4.45644 0.993539
14.0366 -4.45684 0.993888
14.0734 -4.45726 0.994252
14.1091 -4.45769 0.994631
14.1438 -4.45812 0.995025
14.1774 -4.45854 0.995433
14.2098 -4.45895 0.995855
14.2411 -4.45935 0.996289
14.2713 -4.45971 0.996734
14.3004 -4.46005 0.997188
14.3287 -4.46035 0.997649
14.3562 -4.46062 0.998115
14.3832 -4.46086 0.998582
14.4098 -4.46107 0.999046
14.3993 -4.46216 0.990756
14.4262 -4.46223 0.990676
14.4531 -4.46229 0.990596
14.4802 -4.46234 0.990518
14.5074 -4.46237 0.990444
14.5348 -4.46239 0.990375
14.5624 -4.46237 0.990311
14.5904 -4.46234 0.990254
14.6186 -4.46227 0.990204
14.6473 -4.46217 0.990162
14.6763 -4.46204 0.990129
14.7059 -4.46187 0.990105
14.7359 -4.46168 0.99009
14.7664 -4.46145 0.990085
14.7975 -4.46119 0.99009
14.8291 -4.4609 0.990105
14.8614 -4.46058 0.99013
14.8943 -4.46024 0.990166
14.9278 -4.45987 0.990213
14.962 -4.45949 0.99027
14.9969 -4.45909 0.990338
15.0324 -4.45868 0.990417
15.0686 -4.45827 0.990507
15.1055 -4.45786 0.990608
15.143 -4.45745 0.99072
15.1812 -4.45705 0.990843
15.2199 -4.45667 0.990978
15.2593 -4.45632 0.991124
15.2992 -4.45599 0.991282
15.3397 -4.45569 0.991452
15.3806 -4.45543 0.991633
15.422 -4.45521 0.991827
15.4637 -4.45504 0.992033
15.5057 -4.45491 0.992252
15.5479 -4.45485 0.992484
15.5903 -4.45483 0.992729
15.6328 -4.45488 0.992988
15.6752 -4.45498 0.993261
15.7176 -4.45515 0.993548
15.7597 -4.45537 0.99385
15.8016 -4.45565 0.994167
15.843 -4.45598 0.9945
15.8839 -4.45636 0.994848
15.9242 -4.45678 0.995212
15.9638 -4.45725 0.995592
16.0026 -4.45774 0.995989
16.0405 -4.45826 0.996402
16.0775 -4.4588 0.996831
16.1134 -4.45934 0.997277
16.1482 -4.45989 0.997737
16.1818 -4.46042 0.998213
16.2143 -4.46093 0.998703
16.2457 -4.46142 0.999206
16.2759 -4.46187 0.99972
16.3051 -4.46229 1.00024
16.3334 -4.46266 1.00077
16.3609 -4.463 1.00131
16.3879 -4.46329 1.00184
16.4146 -4.46355 1.00237
16.4035 -4.46414 0.993568
16.4304 -4.4642 0.993466
16.4574 -4.46426 0.993366
16.4844 -4.4643 0.993268
16.5116 -4.46432 0.993175
16.5389 -4.46433 0.993087
16.5666 -4.46431 0.993007
16.5945 -4.46426 0.992935
16.6227 -4.46418 0.992872
16.6513 -4.46407 0.992819
16.6804 -4.46393 0.992777
16.7098 -4.46375 0.992747
16.7398 -4.46355 0.992728
16.7703 -4.46331 0.992721
16.8013 -4.46304 0.992726
16.8329 -4.46274 0.992745
16.8651 -4.46242 0.992776
16.898 -4.46207 0.99282
16.9314 -4.46171 0.992877
16.9655 -4.46133 0.992947
17.0003 -4.46094 0.99303
17.0358 -4.46055 0.993127
17.0719 -4.46016 0.993236
17.1087 -4.45977 0.993359
17.1461 -4.4594 0.993495
17.1842 -4.45905 0.993644
17.2229 -4.45872 0.993806
17.2621 -4.45843 0.993981
17.302 -4.45817 0.99417
17.3423 -4.45795 0.994371
17.3832 -4.45778 0.994586
17.4245 -4.45766 0.994815
17.4661 -4.4576 0.995056
17.508 -4.45761 0.995311
17.5502 -4.45767 0.995581
17.5925 -4.4578 0.995864
17.6349 -4.458 0.996161
17.6773 -4.45827 0.996472
17.7196 -4.4586 0.996799
17.7617 -4.459 0.99714
17.8035 -4.45946 0.997496
17.845 -4.45998 0.997868
17.8859 -4.46055 0.998255
17.9262 -4.46117 0.998658
17.9658 -4.46183 0.999078
18.0046 -4.46251 0.999513
18.0425 -4.46322 0.999965
18.0795 -4.46394 1.00043
18.1154 -4.46466 1.00092
18.1502 -4.46537 1.00141
18.1839 -4.46605 1.00193
18.2164 -4.46671 1.00245
18.2478 -4.46733 1.00299
18.2781 -4.46789 1.00355
18.3073 -4.46841 1.0041
18.3356 -4.46886 1.00467
18.3632 -4.46927 1.00524
18.3902 -4.46962 1.00581
18.4169 -4.46992 1.00637
18.4055 -4.471 0.996438
18.4334 -4.47106 0.996314
18.4612 -4.47111 0.996192
18.4892 -4.47116 0.996074
18.5174 -4.4712 0.995963
18.5458 -4.47122 0.99586
18.5744 -4.47123 0.995768
18.6033 -4.47122 0.995689
18.6326 -4.47118 0.995623
18.6624 -4.47113 0.995571
18.6925 -4.47105 0.995536
18.7232 -4.47094 0.995517
18.7543 -4.4708 0.995516
18.786 -4.47063 0.995532
18.8184 -4.47042 0.995566
18.8513 -4.47018 0.995619
18.8848 -4.46989 0.995691
18.919 -4.46955 0.995782
18.9539 -4.46916 0.995891
18.9894 -4.46871 0.996019
19.0257 -4.4682 0.996165
19.0626 -4.4676 0.99633
19.1001 -4.46693 0.996513
19.1384 -4.46615 0.996714
19.1772 -4.46527 0.996932
19.2167 -4.46427 0.997166
19.2567 -4.46312 0.997418
19.2973 -4.46181 0.997685
19.3384 -4.46032 0.997968
19.3799 -4.45863 0.998265
19.4217 -4.45671 0.998578
19.4638 -4.45452 0.998904
19.5062 -4.45205 0.999243
19.5486 -4.44925 0.999596
19.5911 -4.4461 0.999961
19.6335 -4.44254 1.00034
19.6757 -4.43854 1.00073
19.7176 -4.43406 1.00113
19.7591 -4.42905 1.00154
19.8 -4.42346 1.00196
19.8402 -4.41725 1.00239
19.8797 -4.41036 1.00283
19.9182 -4.40275 1.00328
19.9557 -4.39437 1.00373
19.992 -4.38517 1.0042
20.0271 -4.3751 1.00467
20.0608 -4.36414 1.00515
20.093 -4.35224 1.00564
20.1237 -4.33938 1.00613
20.153 -4.32552 1.00663
20.1806 -4.31068 1.00713
20.2068 -4.29485 1.00763
20.2316 -4.27804 1.00814
20.255 -4.2603 1.00864
20.2774 -4.24168 1.00913
20.2989 -4.22226 1.00962
20.3198 -4.20216 1.01009
20.3112 -4.21162 1.00494
20.335 -4.18767 1.00501
20.3589 -4.16363 1.00507
20.3828 -4.13942 1.00514
20.4068 -4.11496 1.00519
20.4308 -4.09019 1.00523
20.4549 -4.06503 1.00525
20.4791 -4.03942 1.00525
20.5034 -4.0133 1.00522
20.5278 -3.98661 1.00515
20.5523 -3.95932 1.00505
20.5769 -3.93138 1.00489
20.6016 -3.90277 1.00469
20.6265 -3.87344 1.00443
20.6515 -3.84341 1.0041
20.6767 -3.81265 1.00371
20.702 -3.78117 1.00324
20.7275 -3.74899 1.00269
20.7531 -3.71614 1.00206
20.7788 -3.68264 1.00134
20.8047 -3.64855 1.00054
20.8307 -3.61393 0.99965
20.8568 -3.57886 0.998668
20.8831 -3.54342 0.997598
20.9094 -3.5077 0.99644
20.9358 -3.47183 0.9952
20.9622 -3.43592 0.993881
20.9887 -3.4001 0.99249
21.0152 -3.36454 0.991036
21.0416 -3.32938 0.989528
21.068 -3.29479 0.987978
21.0942 -3.26095 0.986399
21.1203 -3.22803 0.984806
21.1462 -3.19623 0.983214
21.1719 -3.16574 0.981643
21.1972 -3.13674 0.980111
21.2223 -3.10941 0.978637
21.2469 -3.08394 0.977242
21.2711 -3.06048 0.975947
21.2949 -3.0392 0.974773
21.3181 -3.02021 0.973737
21.3408 -3.00362 0.972859
21.363 -2.98949 0.972153
21.3846 -2.97786 0.97163
21.4056 -2.96868 0.971297
21.4261 -2.96188 0.971155
21.4462 -2.9573 0.971197
21.4659 -2.95471 0.971406
21.4854 -2.95378 0.971755
21.5047 -2.95408 0.972203
21.4913 -2.95763 0.961833
21.5154 -2.95769 0.961767
21.5395 -2.95773 0.961716
21.5639 -2.95774 0.961699
21.5885 -2.9577 0.961731
21.6135 -2.9576 0.961825
21.639 -2.95745 0.961996
21.6651 -2.95723 0.962254
21.6918 -2.95696 0.962611
21.7192 -2.95663 0.963074
21.7473 -2.95626 0.963652
21.7764 -2.95585 0.964351
21.8063 -2.95543 0.965176
21.8372 -2.955 0.96613
21.8691 -2.95459 0.967216
21.9021 -2.95421 0.968433
21.9361 -2.9539 0.969781
21.9712 -2.95367 0.971255
22.0074 -2.95355 0.972853
22.0447 -2.95356 0.974566
22.083 -2.95371 0.976386
22.1224 -2.95403 0.978304
22.1627 -2.95453 0.980306
22.2039 -2.95522 0.98238
22.2459 -2.9561 0.984509
22.2886 -2.95719 0.986676
22.3318 -2.95846 0.988862
22.3755 -2.95991 0.991049
22.4194 -2.96151 0.993214
22.4634 -2.96324 0.995338
22.5074 -2.96507 0.997399
22.5511 -2.96695 0.999376
22.5945 -2.96884 1.00125
22.6372 -2.97069 1.003
22.6793 -2.97245 1.00461
22.7206 -2.97408 1.00608
22.761 -2.97552 1.00739
22.8006 -2.97675 1.00853
22.8395 -2.97775 1.00952
22.8778 -2.97852 1.01037
22.9159 -2.9791 1.01109
22.9053 -2.98255 0.999787
22.9317 -2.98259 0.999701
22.9582 -2.98262 0.999616
22.9848 -2.98265 0.999536
23.0115 -2.98266 0.999464
23.0384 -2.98265 0.999402
23.0655 -2.98262 0.999353
23.0929 -2.98258 0.999317
23.1206 -2.9825 0.999298
23.1486 -2.9824 0.999297
23.177 -2.98227 0.999314
23.2058 -2.9821 0.999352
23.2351 -2.98189 0.99941
23.2649 -2.98164 0.99949
23.2951 -2.98135 0.999593
23.3259 -2.98101 0.999719
23.3573 -2.98062 0.999868
23.3892 -2.98017 1.00004
23.4218 -2.97965 1.00024
23.4549 -2.97906 1.00046
23.4887 -2.9784 1.0007
23.5232 -2.97764 1.00096
23.5582 -2.97679 1.00125
23.5939 -2.97583 1.00156
23.6303 -2.97475 1.0019
23.6673 -2.97353 1.00225
23.7049 -2.97216 1.00262
23.743 -2.97061 1.00302
23.7818 -2.96888 1.00343
23.8211 -2.96692 1.00385
23.8609 -2.96473 1.0043
23.9011 -2.96226 1.00476
23.9418 -2.9595 1.00523
23.9828 -2.9564 1.00572
24.0241 -2.95293 1.00622
24.0656 -2.94905 1.00672
24.1073 -2.94472 1.00724
24.1491 -2.93989 1.00776
24.1908 -2.93452 1.00829
24.2325 -2.92856 1.00883
24.2739 -2.92196 1.00937
24.3151 -2.91467 1.00991
24.3559 -2.90662 1.01045
24.3962 -2.89778 1.01099
24.4359 -2.88808 1.01153
24.475 -2.87746 1.01207
24.5132 -2.86589 1.0126
24.5506 -2.8533 1.01313
24.5871 -2.83965 1.01365
24.6226 -2.82491 1.01417
24.6569 -2.80903 1.01469
24.6902 -2.79199 1.01519
24.7223 -2.77378 1.01569
24.7533 -2.75438 1.01618
24.7832 -2.73382 1.01666
24.8121 -2.71211 1.01714
24.8401 -2.68931 1.0176
24.8673 -2.66548 1.01806
24.894 -2.64073 1.0185
24.9204 -2.61517 1.01893
24.917 -2.6232 1.0146
24.9409 -2.59939 1.01474
24.9648 -2.57553 1.01487
24.9887 -2.55158 1.01501
25.0126 -2.52751 1.01513
25.0367 -2.50327 1.01525
25.0608 -2.47883 1.01536
25.0851 -2.45415 1.01546
25.1095 -2.42919 1.01554
25.1341 -2.40393 1.0156
25.1589 -2.37833 1.01563
25.1838 -2.35237 1.01564
25.2089 -2.32602 1.01563
25.2343 -2.29925 1.01558
25.2598 -2.27204 1.01549
25.2856 -2.24439 1.01537
25.3117 -2.21626 1.0152
25.338 -2.18766 1.01498
25.3645 -2.15857 1.01472
25.3913 -2.12898 1.01441
25.4184 -2.0989 1.01404
25.4457 -2.06833 1.01362
25.4732 -2.03727 1.01314
25.501 -2.00574 1.01259
25.5291 -1.97375 1.01198
25.5574 -1.94131 1.01131
25.5859 -1.90846 1.01058
25.6147 -1.87522 1.00977
25.6436 -1.84163 1.0089
25.6727 -1.80772 1.00796
25.7019 -1.77353 1.00696
25.7313 -1.73912 1.00589
25.7608 -1.70454 1.00476
25.7903 -1.66984 1.00356
25.8199 -1.6351 1.0023
25.8494 -1.60036 1.00099
25.879 -1.56572 0.999626
25.9084 -1.53124 0.998211
25.9377 -1.49701 0.996751
25.9668 -1.46311 0.995251
25.9956 -1.42963 0.993718
26.0242 -1.39666 0.992158
26.0524 -1.36429 0.990577
26.0802 -1.33263 0.988982
26.1075 -1.30177 0.987383
26.1342 -1.27181 0.985787
26.1604 -1.24286 0.984202
26.1859 -1.215 0.982637
26.2106 -1.18834 0.981103
26.2345 -1.16296 0.979608
26.2576 -1.13897 0.978161
26.2797 -1.11644 0.976772
26.3009 -1.09546 0.975451
26.321 -1.07608 0.974205
26.3401 -1.05838 0.973043
26.358 -1.04239 0.971974
26.3748 -1.02815 0.971003
26.3904 -1.01568 0.970135
26.4048 -1.00497 0.969376
26.4181 -0.995991 0.968727
26.4303 -0.988702 0.968189
26.4415 -0.983023 0.96776
26.4516 -0.978847 0.967435
26.4608 -0.97603 0.967206
26.4693 -0.974393 0.967061
26.4771 -0.973713 0.966985
26.4846 -0.973722 0.966959
26.4754 -0.976154 0.956775
26.5081 -0.976507 0.956668
26.541 -0.977214 0.956957
26.5746 -0.978723 0.957953
26.609 -0.981547 0.959865
26.6446 -0.986182 0.962804
26.6817 -0.992984 0.966785
26.7205 -1.00201 0.971722
26.7612 -1.01283 0.977423
26.8035 -1.02435 0.983599
26.8469 -1.03471 0.989883
26.8903 -1.04129 0.995861
26.9324 -1.04101 1.00113
26.9717 -1.03094 1.0054
27.0073 -1.00955 1.00854
26.9994 -1.02286 0.999721
27.0229 -0.999021 1.00019
27.0461 -0.97451 1.00064
27.0687 -0.948745 1.00104
27.0907 -0.921264 1.00136
27.1116 -0.89174 1.00154
27.1316 -0.859999 1.00153
27.1506 -0.826039 1.00126
27.1686 -0.790044 1.00068
27.186 -0.75239 0.999773
27.2031 -0.713647 0.998505
27.2203 -0.674567 0.996887
27.2381 -0.636068 0.994957
27.2574 -0.599191 0.992789
27.2786 -0.565049 0.990497
27.3024 -0.534755 0.988231
27.3295 -0.509322 0.986172
27.3603 -0.489543 0.984513
27.395 -0.475838 0.983434
27.4338 -0.468074 0.983052
27.4763 -0.465344 0.983358
27.462 -0.470559 0.970992
27.4855 -0.470598 0.970938
27.509 -0.470611 0.970901
27.5328 -0.47058 0.970899
27.5568 -0.470491 0.970947
27.5813 -0.470333 0.971061
27.6062 -0.470098 0.971254
27.6316 -0.469783 0.971537
27.6578 -0.469387 0.971921
27.6846 -0.468915 0.972414
27.7122 -0.468374 0.973023
27.7407 -0.467775 0.973754
27.7701 -0.467133 0.974613
27.8005 -0.466467 0.975602
27.832 -0.465795 0.976723
27.8645 -0.465142 0.977977
27.8981 -0.464531 0.979362
27.9329 -0.463988 0.980876
27.9688 -0.46354 0.982514
28.0058 -0.463212 0.98427
28.044 -0.463029 0.986135
28.0833 -0.463013 0.988101
28.1236 -0.463186 0.990156
28.1648 -0.463561 0.992286
28.207 -0.464152 0.994476
28.2499 -0.464964 0.99671
28.2935 -0.465996 0.998971
28.3376 -0.467242 1.00124
28.3821 -0.468686 1.00349
28.4269 -0.470307 1.00571
28.4716 -0.472075 1.00787
28.5161 -0.473953 1.00996
28.5604 -0.475897 1.01194
28.6041 -0.47786 1.01381
28.647 -0.479787 1.01555
28.6892 -0.481626 1.01713
28.7304 -0.483326 1.01855
28.7706 -0.484839 1.01981
28.8098 -0.48613 1.0209
28.8481 -0.487179 1.02184
28.8857 -0.487991 1.02263
28.923 -0.4886 1.0233
28.9092 -0.492599 1.00965
28.9361 -0.492628 1.00963
28.963 -0.492646 1.00961
28.99 -0.492643 1.00959
29.0171 -0.492612 1.00958
29.0444 -0.492546 1.00958
29.072 -0.492439 1.00959
29.0998 -0.492285 1.00961
29.1279 -0.49208 1.00964
29.1564 -0.491823 1.00969
29.1853 -0.49151 1.00975
29.2146 -0.491141 1.00982
29.2444 -0.490716 1.00991
29.2747 -0.490236 1.01001
29.3055 -0.489703 1.01013
29.3369 -0.489121 1.01026
29.3688 -0.488494 1.0104
29.4014 -0.487827 1.01056
29.4345 -0.487127 1.01073
29.4683 -0.4864 1.01091
29.5028 -0.485654 1.0111
29.5379 -0.484897 1.01131
29.5737 -0.484139 1.01152
29.6101 -0.483388 1.01174
29.6472 -0.482656 1.01197
29.6849 -0.481951 1.01221
29.7232 -0.481283 1.01246
29.7621 -0.480664 1.01271
29.8017 -0.480103 1.01297
29.8417 -0.479609 1.01324
29.8823 -0.479192 1.01351
29.9233 -0.478859 1.01378
29.9647 -0.478619 1.01406
30.0064 -0.478477 1.01435
30.0485 -0.47844 1.01464
30.0907 -0.478509 1.01493
30.133 -0.47869 1.01523
30.1754 -0.478981 1.01553
30.2177 -0.479382 1.01583
30.2599 -0.479891 1.01614
30.3018 -0.480503 1.01645
30.3434 -0.481211 1.01676
30.3845 -0.482007 1.01708
30.4251 -0.48288 1.0174
30.465 -0.48382 1.01772
30.5041 -0.484811 1.01805
30.5424 -0.485839 1.01839
30.5797 -0.486887 1.01872
30.616 -0.487939 1.01907
30.6512 -0.488977 1.01942
30.6852 -0.489983 1.01977
30.7181 -0.490941 1.02013
30.7498 -0.491836 1.02049
30.7804 -0.492655 1.02085
30.8099 -0.493388 1.02122
30.8384 -0.49403 1.02159
30.8661 -0.494581 1.02196
30.8933 -0.495049 1.02233
30.9201 -0.49545 1.02269
30.9062 -0.502285 1.00942
30.9331 -0.502281 1.00944
30.9601 -0.502264 1.00946
30.9872 -0.502226 1.00949
31.0144 -0.502157 1.00953
31.0418 -0.502051 1.00958
31.0695 -0.501901 1.00965
31.0974 -0.501703 1.00972
31.1256 -0.501452 1.00982
31.1542 -0.501144 1.00993
31.1832 -0.500779 1.01005
31.2126 -0.500356 1.0102
31.2425 -0.499874 1.01036
31.2728 -0.499336 1.01055
31.3038 -0.498743 1.01075
31.3352 -0.4981 1.01096
31.3673 -0.497412 1.0112
31.3999 -0.496683 1.01145
31.4332 -0.495921 1.01172
31.4671 -0.495134 1.012
31.5016 -0.494329 1.0123
31.5368 -0.493516 1.01261
31.5727 -0.492705 1.01293
31.6092 -0.491906 1.01326
31.6464 -0.491129 1.01361
31.6842 -0.490385 1.01396
31.7227 -0.489685 1.01432
31.7618 -0.489041 1.01469
31.8014 -0.488461 1.01507
31.8416 -0.487958 1.01545
31.8823 -0.487539 1.01583
31.9234 -0.487215 1.01622
31.9649 -0.486993 1.01661
32.0068 -0.48688 1.017
32.049 -0.486881 1.01739
32.0914 -0.487 1.01778
32.1338 -0.487241 1.01816
32.1764 -0.487603 1.01854
32.2188 -0.488085 1.01892
32.2612 -0.488685 1.0193
32.3032 -0.489397 1.01966
32.3449 -0.490214 1.02003
32.3862 -0.491127 1.02038
32.4269 -0.492125 1.02073
32.4669 -0.493194 1.02108
32.5061 -0.49432 1.02141
32.5445 -0.495486 1.02174
32.5818 -0.496674 1.02206
32.6182 -0.497867 1.02237
32.6534 -0.499045 1.02267
32.6875 -0.500189 1.02297
32.7204 -0.501282 1.02326
32.7521 -0.502307 1.02354
32.7826 -0.50325 1.02381
32.8121 -0.504101 1.02408
32.8405 -0.504854 1.02433
32.8682 -0.50551 1.02458
32.8952 -0.506076 1.02482
32.9219 -0.506571 1.02505
32.9064 -0.506516 1.0107
32.9402 -0.50649 1.01067
32.9741 -0.506445 1.01062
33.0081 -0.506365 1.01053
33.0425 -0.506239 1.01039
33.0773 -0.506057 1.01017
33.1125 -0.505813 1.00987
33.1483 -0.505501 1.00945
33.1847 -0.505121 1.00891
33.2218 -0.504672 1.00824
33.2596 -0.504157 1.0074
33.2983 -0.503582 1.00641
33.3378 -0.502956 1.00523
33.3781 -0.502287 1.00387
33.4194 -0.501588 1.00232
33.4616 -0.500873 1.00058
33.5046 -0.500159 0.998655
33.5486 -0.499461 0.996542
33.5934 -0.498799 0.994254
33.639 -0.498192 0.991806
33.6853 -0.497657 0.989216
33.7323 -0.497216 0.986507
33.7798 -0.496885 0.983707
33.8278 -0.496682 0.980851
33.876 -0.496623 0.977977
33.9243 -0.496721 0.975128
33.9726 -0.496988 0.972355
34.0205 -0.49743 0.96971
34.068 -0.498053 0.967255
34.1147 -0.498856 0.965052
34.1603 -0.499835 0.963168
34.2047 -0.500981 0.961674
34.2474 -0.502281 0.960644
34.2882 -0.503716 0.960151
34.3269 -0.505262 0.96027
34.363 -0.506892 0.961075
34.3963 -0.508574 0.962635
34.4265 -0.510274 0.965014
34.4535 -0.511954 0.96827
34.477 -0.513576 0.972449
34.4968 -0.515103 0.977584
34.513 -0.516502 0.983692
34.5255 -0.517743 0.990765
34.5346 -0.518806 0.998775
34.5405 -0.519685 1.00766
34.5437 -0.520386 1.01732
34.5448 -0.520941 1.02761
34.5322 -0.524923 1.01383
34.5234 -0.525593 1.00144
34.5466 -0.501848 1.00162
34.5701 -0.477508 1.00306
34.5941 -0.452061 1.00696
34.6189 -0.42511 1.01437
34.6446 -0.396387 1.02621
34.6716 -0.365773 1.04322
34.6998 -0.333309 1.06593
34.7293 -0.299205 1.09461
34.7601 -0.263843 1.12919
34.7921 -0.22777 1.16927
34.825 -0.191686 1.21405
34.8584 -0.156416 1.2623
34.8916 -0.12287 1.31239
34.9238 -0.0919926 1.3623
34.954 -0.0646946 1.40974
34.9809 -0.041769 1.45226
35.0034 -0.0237914 1.48754
35.0205 -0.0110031 1.51372
35.0315 -0.00317782 1.52986
35.037 0.000528097 1.53664
35.0237 -0.00276819 1.52327
