-0.00226892 -0.00981107 0.99222
-0.00263841 -0.0100369 0.992146
-0.0024069 -0.0101138 0.992056
-0.000982129 -0.00990283 0.99194
0.00221126 -0.00927277 0.99179
0.00772435 -0.0081018 0.991601
0.0160755 -0.00628031 0.991369
0.0277406 -0.00371398 0.991093
0.0431425 -0.000327307 0.990772
0.0626394 0.00393239 0.990411
0.0865129 0.0090908 0.990013
0.114955 0.0151423 0.989585
0.148059 0.0220458 0.989137
0.185805 0.0297212 0.988679
0.228056 0.0380463 0.988225
0.274549 0.046856 0.987788
0.324899 0.0559422 0.987382
0.378603 0.0650576 0.987024
0.435055 0.0739221 0.986728
0.493571 0.082234 0.986506
0.553429 0.0896868 0.986369
0.613919 0.0959925 0.986324
0.674419 0.100913 0.986373
0.734487 0.104299 0.986513
0.793983 0.106148 0.986734
0.853215 0.106662 0.987016
0.845872 0.101157 0.981067
0.871951 0.101026 0.981034
0.898082 0.100893 0.980999
0.924316 0.100756 0.980963
0.950702 0.100611 0.980925
0.977289 0.100456 0.980886
1.00413 0.100287 0.980846
1.03126 0.100101 0.980804
1.05873 0.0998956 0.980761
1.08659 0.0996681 0.980718
1.11487 0.0994154 0.980674
1.14361 0.0991351 0.98063
1.17286 0.0988247 0.980587
1.20264 0.0984817 0.980545
1.23299 0.0981042 0.980505
1.26394 0.09769 0.980468
1.2955 0.0972375 0.980434
1.32771 0.0967451 0.980404
1.36059 0.0962115 0.98038
1.39414 0.0956357 0.980362
1.42838 0.095017 0.980352
1.46331 0.0943549 0.98035
1.49894 0.0936494 0.980358
1.53526 0.0929005 0.980377
1.57227 0.0921089 0.980408
1.60995 0.0912755 0.980453
1.64828 0.0904015 0.980513
1.68724 0.0894886 0.980588
1.72681 0.0885388 0.980681
1.76693 0.0875546 0.980792
1.80757 0.0865389 0.980921
1.84869 0.0854947 0.981071
1.89022 0.0844258 0.981242
1.93211 0.0833361 0.981434
1.9743 0.0822301 0.981648
2.0167 0.0811125 0.981884
2.05925 0.0799883 0.982142
2.10186 0.0788631 0.982423
2.14445 0.0777424 0.982726
2.18692 0.0766324 0.983049
2.22918 0.0755391 0.983393
2.27114 0.074469 0.983757
2.3127 0.0734284 0.984138
2.35375 0.0724239 0.984536
2.3942 0.0714621 0.984948
2.43395 0.0705491 0.985372
2.47292 0.0696914 0.985806
2.511 0.0688946 0.986247
2.54813 0.0681643 0.986692
2.58423 0.0675053 0.987139
2.61924 0.0669219 0.987585
2.65312 0.0664174 0.988026
2.68584 0.065994 0.98846
2.71739 0.065653 0.988883
2.7478 0.065394 0.989294
2.77711 0.0652151 0.989691
2.8054 0.0651124 0.990071
2.83279 0.06508 0.990434
2.85944 0.0651094 0.99078
2.88555 0.0651894 0.991111
2.91139 0.0653059 0.991428
2.90783 0.0596135 0.988674
2.94171 0.0593619 0.988682
2.97566 0.0591458 0.988687
3.00976 0.0589987 0.988685
3.04406 0.0589522 0.988672
3.07865 0.0590369 0.988644
3.11357 0.0592813 0.988598
3.14888 0.0597122 0.988529
3.18464 0.0603542 0.988436
3.2209 0.0612297 0.988315
3.25768 0.0623584 0.988165
3.29503 0.063757 0.987982
3.33298 0.0654392 0.987767
3.37153 0.0674153 0.987517
3.4107 0.0696916 0.987232
3.45049 0.0722704 0.986913
3.49089 0.0751498 0.98656
3.53188 0.0783229 0.986174
3.57342 0.0817778 0.985757
3.61547 0.0854972 0.985311
3.65797 0.0894584 0.98484
3.70086 0.0936326 0.984347
3.74404 0.0979849 0.983836
3.78742 0.102474 0.983311
3.83088 0.107053 0.982779
3.87431 0.111668 0.982245
3.91756 0.116259 0.981714
3.96048 0.12076 0.981194
4.00291 0.125098 0.980691
4.04467 0.129196 0.980212
4.08558 0.132973 0.979763
4.12545 0.136342 0.979353
4.16409 0.139215 0.978988
4.20129 0.1415 0.978675
4.23687 0.143108 0.978419
4.27064 0.143948 0.978227
4.30243 0.143936 0.978104
4.33208 0.142992 0.978053
4.35946 0.141047 0.978078
4.38449 0.138041 0.97818
4.4071 0.133934 0.978359
4.4273 0.128704 0.978614
4.44515 0.122354 0.978941
4.4608 0.114919 0.979333
4.47448 0.10647 0.979783
4.48654 0.0971206 0.980279
4.49745 0.0870351 0.980807
4.48796 0.0891908 0.977084
4.50479 0.0716633 0.976838
4.52176 0.0539988 0.976602
4.53904 0.0360585 0.976391
4.55679 0.0177098 0.976218
4.57514 -0.00117053 0.976097
4.59425 -0.0206934 0.976041
4.61424 -0.0409535 0.976064
4.63524 -0.0620253 0.976178
4.65738 -0.0839581 0.976396
4.68074 -0.106772 0.976728
4.70542 -0.130452 0.977186
4.73148 -0.154943 0.977778
4.75898 -0.180147 0.978509
4.78793 -0.205916 0.979385
4.81833 -0.23205 0.980408
4.85015 -0.258297 0.981575
4.88333 -0.284351 0.982883
4.91777 -0.309856 0.984322
4.95336 -0.334411 0.985881
4.98995 -0.357584 0.987544
5.02738 -0.378922 0.989293
5.06546 -0.397979 0.991104
5.10404 -0.414342 0.992954
5.14294 -0.427667 0.994818
5.18206 -0.437735 0.996672
5.22135 -0.444505 0.998493
5.26086 -0.44819 1.00027
5.30078 -0.44935 1.00198
5.28968 -0.452652 0.997425
5.31442 -0.452795 0.997359
5.33924 -0.452924 0.99729
5.3642 -0.453032 0.997215
5.38938 -0.45311 0.997135
5.41484 -0.453151 0.997046
5.44067 -0.453149 0.996948
5.46691 -0.453097 0.996839
5.49363 -0.45299 0.996717
5.52089 -0.452824 0.996583
5.54875 -0.452594 0.996435
5.57726 -0.452299 0.996272
5.60645 -0.451935 0.996094
5.63638 -0.451502 0.995901
5.66709 -0.450998 0.995694
5.69859 -0.450425 0.995472
5.73091 -0.449784 0.995237
5.76407 -0.449077 0.994989
5.79809 -0.448307 0.994731
5.83295 -0.447477 0.994464
5.86865 -0.446594 0.99419
5.90518 -0.445661 0.993912
5.9425 -0.444686 0.993632
5.98059 -0.443675 0.993354
6.01939 -0.442637 0.993081
6.05885 -0.441579 0.992817
6.0989 -0.44051 0.992566
6.13947 -0.439439 0.992332
6.18047 -0.438375 0.992119
6.2218 -0.437329 0.991932
6.26337 -0.43631 0.991776
6.30504 -0.435327 0.991655
6.34672 -0.434389 0.991573
6.38827 -0.433506 0.991536
6.42957 -0.432686 0.991548
6.4705 -0.431937 0.991611
6.51093 -0.431264 0.991731
6.55074 -0.430675 0.991908
6.58983 -0.430173 0.992147
6.62811 -0.429761 0.992449
6.6655 -0.42944 0.992812
6.70197 -0.42921 0.993238
6.73749 -0.429069 0.993724
6.7721 -0.429011 0.994266
6.80589 -0.429029 0.994859
6.83898 -0.429114 0.995497
6.8716 -0.429254 0.996168
6.90403 -0.429434 0.996864
6.89444 -0.430129 0.991256
6.92139 -0.430231 0.99124
6.94839 -0.43033 0.991224
6.97549 -0.430428 0.991207
7.00273 -0.430524 0.991189
7.03018 -0.43062 0.99117
7.05787 -0.430715 0.991151
7.08585 -0.43081 0.99113
7.11417 -0.430907 0.991109
7.14286 -0.431007 0.991086
7.17196 -0.431112 0.991062
7.20152 -0.431222 0.991037
7.23157 -0.43134 0.991011
7.26214 -0.431467 0.990984
7.29327 -0.431605 0.990957
7.32497 -0.431757 0.990929
7.35728 -0.431925 0.990902
7.3902 -0.432111 0.990876
7.42377 -0.432316 0.990851
7.45799 -0.432544 0.990828
7.49287 -0.432797 0.990807
7.52842 -0.433076 0.99079
7.56463 -0.433384 0.990778
7.6015 -0.433722 0.99077
7.63901 -0.434093 0.990769
7.67715 -0.434497 0.990775
7.7159 -0.434936 0.990789
7.75523 -0.435411 0.990813
7.7951 -0.435922 0.990846
7.83548 -0.43647 0.990891
7.87631 -0.437055 0.990949
7.91755 -0.437675 0.991019
7.95914 -0.438329 0.991104
8.001 -0.439017 0.991203
8.04308 -0.439734 0.991318
8.08529 -0.44048 0.99145
8.12755 -0.44125 0.991598
8.16977 -0.44204 0.991764
8.21187 -0.442846 0.991947
8.25375 -0.443662 0.992147
8.29531 -0.444484 0.992365
8.33646 -0.445303 0.9926
8.37709 -0.446115 0.992852
8.41711 -0.446911 0.993119
8.45642 -0.447684 0.993402
8.49494 -0.448427 0.993698
8.53257 -0.449132 0.994007
8.56923 -0.449791 0.994327
8.60488 -0.450397 0.994656
8.63944 -0.450944 0.994993
8.6729 -0.451425 0.995336
8.70522 -0.451835 0.995683
8.73644 -0.45217 0.996031
8.76659 -0.45243 0.996379
8.79573 -0.452614 0.996725
8.82399 -0.452724 0.997067
8.85151 -0.452768 0.997403
8.87852 -0.452756 0.997733
8.90526 -0.4527 0.998056
8.895 -0.453861 0.991765
8.92194 -0.453954 0.991756
8.94893 -0.454042 0.991747
8.97602 -0.454123 0.991738
9.00326 -0.454195 0.991729
9.0307 -0.454255 0.99172
9.05838 -0.454303 0.99171
9.08634 -0.454335 0.991701
9.11464 -0.454352 0.991691
9.14332 -0.454353 0.991682
9.17241 -0.454337 0.991673
9.20195 -0.454304 0.991664
9.23198 -0.454255 0.991655
9.26253 -0.454189 0.991646
9.29362 -0.454108 0.991638
9.3253 -0.454013 0.991632
9.35757 -0.453905 0.991626
9.39047 -0.453785 0.991622
9.424 -0.453656 0.99162
9.45819 -0.45352 0.991621
9.49303 -0.453379 0.991625
9.52854 -0.453235 0.991633
9.56472 -0.45309 0.991645
9.60154 -0.452948 0.991663
9.63902 -0.452812 0.991687
9.67712 -0.452683 0.991718
9.71584 -0.452565 0.991756
9.75513 -0.45246 0.991804
9.79497 -0.452371 0.991861
9.83532 -0.4523 0.991928
9.87613 -0.452249 0.992007
9.91735 -0.452221 0.992098
9.95891 -0.452217 0.992201
10.0008 -0.452239 0.992318
10.0428 -0.452286 0.992449
10.085 -0.452361 0.992594
10.1273 -0.452462 0.992755
10.1695 -0.45259 0.992931
10.2117 -0.452743 0.993122
10.2536 -0.45292 0.993328
10.2951 -0.453119 0.99355
10.3363 -0.453337 0.993787
10.377 -0.453572 0.994038
10.417 -0.453819 0.994302
10.4564 -0.454075 0.99458
10.495 -0.454334 0.994869
10.5326 -0.454592 0.995169
10.5694 -0.454845 0.995479
10.605 -0.455086 0.995796
10.6397 -0.45531 0.996119
10.6732 -0.455512 0.996446
10.7055 -0.455688 0.996775
10.7368 -0.455833 0.997105
10.767 -0.455944 0.997434
10.7961 -0.45602 0.99776
10.8244 -0.456059 0.998081
10.8519 -0.456064 0.998396
10.879 -0.456038 0.998703
10.9057 -0.455989 0.999002
10.895 -0.456456 0.991456
10.922 -0.456549 0.991451
10.9489 -0.456638 0.991445
10.976 -0.456718 0.991441
11.0032 -0.456789 0.991437
11.0306 -0.456847 0.991436
11.0583 -0.45689 0.991437
11.0863 -0.456917 0.99144
11.1146 -0.456927 0.991446
11.1432 -0.456919 0.991456
11.1723 -0.456892 0.991469
11.2019 -0.456847 0.991485
11.2319 -0.456784 0.991506
11.2624 -0.456704 0.991531
11.2935 -0.456607 0.991561
11.3252 -0.456495 0.991596
11.3575 -0.45637 0.991637
11.3904 -0.456235 0.991683
11.424 -0.45609 0.991736
11.4582 -0.455939 0.991796
11.4931 -0.455785 0.991863
11.5286 -0.455631 0.991938
11.5649 -0.45548 0.992022
11.6017 -0.455334 0.992115
11.6393 -0.455198 0.992218
11.6774 -0.455075 0.992331
11.7162 -0.454968 0.992455
11.7556 -0.45488 0.992591
11.7955 -0.454815 0.992739
11.836 -0.454775 0.9929
11.8769 -0.454763 0.993074
11.9182 -0.454781 0.993261
11.9599 -0.454831 0.993463
12.0019 -0.454915 0.993678
12.0441 -0.455034 0.993908
12.0865 -0.455188 0.994152
12.1289 -0.455376 0.994411
12.1713 -0.455599 0.994683
12.2136 -0.455855 0.994969
12.2557 -0.456141 0.995268
12.2974 -0.456455 0.995579
12.3388 -0.456793 0.995901
12.3796 -0.457152 0.996234
12.4199 -0.457526 0.996576
12.4594 -0.45791 0.996926
12.4981 -0.458299 0.997283
12.536 -0.458685 0.997643
12.5728 -0.459062 0.998007
12.6087 -0.459423 0.998371
12.6434 -0.459762 0.998735
12.677 -0.460072 0.999095
12.7095 -0.460347 0.999451
12.7408 -0.460582 0.9998
12.7711 -0.460772 1.00014
12.8003 -0.460916 1.00047
12.8286 -0.461013 1.00079
12.8561 -0.461065 1.0011
12.8831 -0.461076 1.00139
12.9099 -0.461058 1.00167
12.8989 -0.461291 0.994136
12.9258 -0.461376 0.994114
12.9527 -0.461455 0.994091
12.9798 -0.461526 0.99407
13.007 -0.461584 0.994052
13.0344 -0.461628 0.994037
13.0621 -0.461655 0.994025
13.09 -0.461663 0.994018
13.1183 -0.46165 0.994016
13.1469 -0.461617 0.99402
13.176 -0.461563 0.994029
13.2055 -0.461487 0.994044
13.2355 -0.46139 0.994065
13.266 -0.461273 0.994094
13.2971 -0.461137 0.994129
13.3287 -0.460984 0.994172
13.3609 -0.460816 0.994222
13.3937 -0.460635 0.994281
13.4272 -0.460445 0.994348
13.4614 -0.460248 0.994424
13.4961 -0.460048 0.99451
13.5316 -0.459849 0.994605
13.5677 -0.459654 0.99471
13.6045 -0.459468 0.994826
13.6419 -0.459294 0.994953
13.68 -0.459136 0.995092
13.7186 -0.458999 0.995243
13.7579 -0.458886 0.995406
13.7977 -0.458802 0.995582
13.838 -0.45875 0.995771
13.8788 -0.458732 0.995974
13.92 -0.458753 0.996191
13.9616 -0.458814 0.996421
14.0035 -0.458917 0.996666
14.0456 -0.459063 0.996925
14.0878 -0.459254 0.997198
14.1302 -0.459489 0.997485
14.1725 -0.459767 0.997786
14.2147 -0.460087 0.998099
14.2567 -0.460446 0.998426
14.2984 -0.460842 0.998764
14.3397 -0.461269 0.999113
14.3805 -0.461724 0.999473
14.4207 -0.4622 0.999841
14.4602 -0.462691 1.00022
14.4989 -0.46319 1.0006
14.5367 -0.46369 1.00099
14.5736 -0.464181 1.00138
14.6095 -0.464657 1.00177
14.6442 -0.465109 1.00216
14.6779 -0.46553 1.00255
14.7104 -0.465911 1.00294
14.7417 -0.466247 1.00332
14.772 -0.466532 1.00369
14.8013 -0.466764 1.00405
14.8296 -0.466942 1.00441
14.8572 -0.467067 1.00475
14.8843 -0.467146 1.00508
14.9111 -0.467188 1.00539
14.8997 -0.467479 0.997032
14.9265 -0.467562 0.99699
14.9535 -0.467639 0.996949
14.9805 -0.467705 0.99691
15.0077 -0.467756 0.996873
15.0351 -0.467789 0.99684
15.0627 -0.4678 0.996812
15.0906 -0.467787 0.996788
15.1189 -0.467748 0.996771
15.1475 -0.467683 0.996759
15.1765 -0.467589 0.996755
15.206 -0.467467 0.996757
15.2359 -0.467317 0.996766
15.2664 -0.467139 0.996783
15.2974 -0.466936 0.996808
15.329 -0.466708 0.996841
15.3612 -0.466458 0.996883
15.394 -0.466188 0.996934
15.4275 -0.465902 0.996993
15.4616 -0.465604 0.997062
15.4963 -0.465296 0.997141
15.5317 -0.464984 0.997231
15.5678 -0.464671 0.997331
15.6046 -0.464363 0.997442
15.642 -0.464065 0.997564
15.68 -0.46378 0.997698
15.7187 -0.463515 0.997845
15.7579 -0.463274 0.998004
15.7977 -0.463061 0.998177
15.838 -0.462882 0.998363
15.8788 -0.46274 0.998563
15.92 -0.462639 0.998776
15.9616 -0.462582 0.999005
16.0035 -0.462573 0.999247
16.0456 -0.462614 0.999504
16.0879 -0.462705 0.999776
16.1303 -0.462848 1.00006
16.1726 -0.463043 1.00036
16.2149 -0.463288 1.00068
16.2569 -0.463582 1.00101
16.2987 -0.463921 1.00135
16.34 -0.464302 1.0017
16.3809 -0.46472 1.00206
16.4212 -0.46517 1.00244
16.4608 -0.465645 1.00282
16.4995 -0.466137 1.00322
16.5375 -0.466638 1.00362
16.5744 -0.46714 1.00402
16.6103 -0.467635 1.00443
16.6451 -0.468112 1.00485
16.6788 -0.468564 1.00526
16.7114 -0.468982 1.00567
16.7428 -0.469359 1.00608
16.7731 -0.469688 1.00648
16.8024 -0.469966 1.00688
16.8307 -0.470191 1.00727
16.8583 -0.470363 1.00764
16.8854 -0.47049 1.00801
16.9122 -0.470579 1.00837
16.8994 -0.470854 0.998881
16.9263 -0.470935 0.9988
16.9532 -0.471007 0.99872
16.9802 -0.471067 0.998642
17.0073 -0.47111 0.998569
17.0347 -0.471132 0.998502
17.0622 -0.47113 0.998442
17.0901 -0.471101 0.998391
17.1184 -0.471042 0.998349
17.1469 -0.470953 0.998318
17.1759 -0.470831 0.998297
17.2054 -0.470678 0.998288
17.2354 -0.470493 0.998292
17.2658 -0.470277 0.998309
17.2969 -0.470031 0.99834
17.3285 -0.469758 0.998385
17.3607 -0.46946 0.998445
17.3935 -0.46914 0.998521
17.427 -0.468802 0.998612
17.4611 -0.46845 0.99872
17.4959 -0.468088 0.998844
17.5314 -0.467722 0.998986
17.5676 -0.467356 0.999145
17.6044 -0.466996 0.999323
17.6419 -0.466647 0.999519
17.6801 -0.466315 0.999734
17.7188 -0.466006 0.999969
17.7582 -0.465726 1.00022
17.7981 -0.465479 1.0005
17.8386 -0.465271 1.00079
17.8796 -0.465108 1.0011
17.921 -0.464993 1.00144
17.9627 -0.46493 1.00179
18.0048 -0.464924 1.00216
18.0471 -0.464975 1.00255
18.0896 -0.465087 1.00296
18.1322 -0.46526 1.00339
18.1748 -0.465494 1.00384
18.2173 -0.465789 1.0043
18.2595 -0.466141 1.00478
18.3015 -0.466549 1.00527
18.3431 -0.467007 1.00577
18.3842 -0.467511 1.00629
18.4247 -0.468055 1.00681
18.4645 -0.46863 1.00735
18.5035 -0.469228 1.00789
18.5416 -0.469841 1.00843
18.5787 -0.470459 1.00898
18.6148 -0.471071 1.00952
18.6498 -0.471668 1.01006
18.6836 -0.47224 1.0106
18.7163 -0.472777 1.01113
18.7477 -0.47327 1.01166
18.7781 -0.473712 1.01217
18.8074 -0.474099 1.01267
18.8358 -0.474428 1.01315
18.8634 -0.474701 1.01362
18.8904 -0.474922 1.01407
18.9171 -0.475103 1.01451
18.9034 -0.475786 1.00516
18.9302 -0.475861 1.0051
18.9571 -0.475929 1.00504
18.9842 -0.475982 1.00499
19.0113 -0.476015 1.00493
19.0387 -0.476025 1.00488
19.0662 -0.476005 1.00484
19.0941 -0.475955 1.0048
19.1223 -0.475869 1.00476
19.1509 -0.475748 1.00473
19.1798 -0.475588 1.00471
19.2093 -0.475389 1.00469
19.2391 -0.475152 1.00468
19.2695 -0.474877 1.00467
19.3005 -0.474566 1.00467
19.332 -0.47422 1.00468
19.3641 -0.473842 1.00469
19.3968 -0.473436 1.00471
19.4301 -0.473005 1.00473
19.4641 -0.472554 1.00476
19.4987 -0.472087 1.00479
19.534 -0.471611 1.00483
19.57 -0.47113 1.00487
19.6066 -0.470652 1.00492
19.6439 -0.470182 1.00498
19.6818 -0.469726 1.00504
19.7203 -0.469292 1.00511
19.7594 -0.468885 1.00519
19.7991 -0.468512 1.00528
19.8393 -0.46818 1.00537
19.88 -0.467894 1.00547
19.9211 -0.467658 1.00558
19.9626 -0.46748 1.0057
20.0044 -0.467361 1.00583
20.0465 -0.467306 1.00597
20.0887 -0.467318 1.00612
20.131 -0.467398 1.00628
20.1733 -0.467546 1.00646
20.2155 -0.467762 1.00665
20.2576 -0.468045 1.00685
20.2993 -0.468392 1.00707
20.3407 -0.468799 1.0073
20.3816 -0.469259 1.00754
20.4219 -0.469768 1.0078
20.4616 -0.470317 1.00808
20.5004 -0.470899 1.00836
20.5384 -0.471502 1.00867
20.5754 -0.472117 1.00899
20.6114 -0.472734 1.00932
20.6463 -0.473342 1.00966
20.6801 -0.473928 1.01002
20.7128 -0.474484 1.01038
20.7443 -0.474999 1.01076
20.7746 -0.475466 1.01114
20.804 -0.475878 1.01152
20.8324 -0.476233 1.01191
20.8601 -0.47653 1.01229
20.8872 -0.476776 1.01267
20.914 -0.47698 1.01304
20.9001 -0.478495 1.00285
20.9269 -0.478561 1.00281
20.9539 -0.478619 1.00277
20.9809 -0.478662 1.00273
21.008 -0.478683 1.00269
21.0354 -0.478679 1.00266
21.063 -0.478645 1.00263
21.0909 -0.478577 1.00262
21.1191 -0.478472 1.00261
21.1476 -0.478329 1.00261
21.1766 -0.478145 1.00263
21.206 -0.47792 1.00265
21.2359 -0.477654 1.00268
21.2663 -0.477349 1.00272
21.2972 -0.477005 1.00278
21.3287 -0.476625 1.00284
21.3608 -0.476212 1.00291
21.3935 -0.47577 1.003
21.4268 -0.475304 1.00309
21.4608 -0.474817 1.00319
21.4954 -0.474316 1.00331
21.5307 -0.473806 1.00343
21.5666 -0.473295 1.00357
21.6032 -0.472788 1.00371
21.6405 -0.472292 1.00386
21.6784 -0.471816 1.00403
21.7169 -0.471365 1.0042
21.7561 -0.470947 1.00438
21.7957 -0.470568 1.00457
21.8359 -0.470237 1.00478
21.8766 -0.469958 1.00499
21.9178 -0.469738 1.00521
21.9593 -0.469581 1.00544
22.0011 -0.469493 1.00568
22.0432 -0.469476 1.00593
22.0855 -0.469534 1.00619
22.1278 -0.469668 1.00646
22.1702 -0.469878 1.00674
22.2125 -0.470163 1.00703
22.2546 -0.470522 1.00733
22.2965 -0.470951 1.00763
22.3379 -0.471445 1.00795
22.3789 -0.471998 1.00827
22.4193 -0.472602 1.0086
22.4591 -0.47325 1.00894
22.498 -0.47393 1.00928
22.5361 -0.474632 1.00963
22.5732 -0.475345 1.00998
22.6093 -0.476056 1.01034
22.6443 -0.476753 1.0107
22.6782 -0.477423 1.01106
22.7109 -0.478056 1.01143
22.7425 -0.478639 1.01179
22.7729 -0.479165 1.01215
22.8023 -0.479628 1.0125
22.8308 -0.480022 1.01285
22.8585 -0.480351 1.01318
22.8856 -0.480619 1.01351
22.9125 -0.480839 1.01382
22.8985 -0.48344 1.00284
22.9253 -0.483496 1.00281
22.9523 -0.483543 1.00278
22.9793 -0.483573 1.00276
23.0064 -0.48358 1.00274
23.0338 -0.48356 1.00272
23.0614 -0.483505 1.00271
23.0893 -0.483414 1.00272
23.1175 -0.483281 1.00273
23.146 -0.483106 1.00275
23.175 -0.482886 1.00278
23.2044 -0.48262 1.00283
23.2343 -0.482308 1.00288
23.2647 -0.481952 1.00295
23.2956 -0.481553 1.00302
23.3271 -0.481114 1.00311
23.3592 -0.480637 1.00321
23.3919 -0.480128 1.00332
23.4252 -0.47959 1.00345
23.4592 -0.479029 1.00358
23.4938 -0.478451 1.00372
23.5291 -0.477863 1.00387
23.5651 -0.477271 1.00404
23.6017 -0.476684 1.00421
23.639 -0.476109 1.00439
23.6769 -0.475553 1.00458
23.7154 -0.475024 1.00478
23.7546 -0.474531 1.00499
23.7943 -0.474082 1.00521
23.8345 -0.473683 1.00544
23.8753 -0.473342 1.00567
23.9164 -0.473065 1.00591
23.958 -0.472858 1.00617
23.9999 -0.472726 1.00643
24.0421 -0.472674 1.00669
24.0844 -0.472704 1.00697
24.1269 -0.472818 1.00725
24.1693 -0.473017 1.00754
24.2117 -0.4733 1.00784
24.2539 -0.473666 1.00814
24.2959 -0.47411 1.00846
24.3375 -0.474627 1.00877
24.3786 -0.475212 1.0091
24.4191 -0.475856 1.00942
24.459 -0.476549 1.00976
24.498 -0.477281 1.0101
24.5362 -0.47804 1.01044
24.5735 -0.478814 1.01079
24.6097 -0.479589 1.01113
24.6448 -0.480352 1.01148
24.6787 -0.481089 1.01183
24.7115 -0.481788 1.01218
24.7432 -0.482436 1.01253
24.7737 -0.483024 1.01287
24.8032 -0.483544 1.01321
24.8317 -0.483993 1.01354
24.8594 -0.484371 1.01386
24.8866 -0.484685 1.01417
24.9134 -0.484947 1.01446
24.8986 -0.488259 1.00268
24.9255 -0.488309 1.00265
24.9524 -0.488348 1.00263
24.9794 -0.488369 1.0026
25.0066 -0.488364 1.00258
25.0339 -0.488327 1.00257
25.0615 -0.488253 1.00257
25.0894 -0.488136 1.00258
25.1175 -0.487974 1.0026
25.1461 -0.487762 1.00263
25.175 -0.487499 1.00268
25.2044 -0.487183 1.00274
25.2343 -0.486816 1.00281
25.2647 -0.486397 1.0029
25.2956 -0.485927 1.003
25.3271 -0.48541 1.00312
25.3592 -0.48485 1.00325
25.3918 -0.484249 1.00339
25.4252 -0.483614 1.00355
25.4591 -0.48295 1.00372
25.4938 -0.482263 1.0039
25.529 -0.481561 1.00409
25.565 -0.480852 1.0043
25.6016 -0.480143 1.00452
25.6389 -0.479442 1.00475
25.6768 -0.478759 1.00499
25.7154 -0.478103 1.00524
25.7546 -0.477481 1.00551
25.7943 -0.476904 1.00578
25.8346 -0.476378 1.00606
25.8754 -0.475912 1.00635
25.9166 -0.475514 1.00665
25.9582 -0.47519 1.00696
26.0002 -0.474947 1.00728
26.0424 -0.474788 1.0076
26.0848 -0.474718 1.00793
26.1273 -0.47474 1.00827
26.1699 -0.474854 1.00862
26.2124 -0.475062 1.00897
26.2547 -0.47536 1.00932
26.2967 -0.475746 1.00969
26.3384 -0.476215 1.01005
26.3796 -0.47676 1.01042
26.4203 -0.477374 1.01079
26.4602 -0.478046 1.01117
26.4994 -0.478767 1.01155
26.5377 -0.479523 1.01192
26.575 -0.480301 1.0123
26.6114 -0.481088 1.01268
26.6466 -0.481869 1.01306
26.6806 -0.48263 1.01343
26.7135 -0.483356 1.01381
26.7452 -0.484036 1.01417
26.7758 -0.484658 1.01453
26.8053 -0.485214 1.01488
26.8338 -0.485699 1.01523
26.8616 -0.486114 1.01556
26.8887 -0.486463 1.01587
26.9156 -0.48676 1.01617
26.9027 -0.489837 1.00375
26.9296 -0.489884 1.00373
26.9565 -0.489919 1.00372
26.9835 -0.489936 1.0037
27.0107 -0.489926 1.0037
27.038 -0.489882 1.0037
27.0656 -0.489798 1.00371
27.0934 -0.489671 1.00374
27.1216 -0.489495 1.00378
27.1501 -0.489269 1.00383
27.179 -0.488989 1.0039
27.2084 -0.488654 1.00398
27.2382 -0.488266 1.00408
27.2685 -0.487825 1.0042
27.2994 -0.487332 1.00433
27.3308 -0.48679 1.00448
27.3628 -0.486204 1.00464
27.3954 -0.485579 1.00482
27.4287 -0.484918 1.00502
27.4625 -0.48423 1.00522
27.4971 -0.483521 1.00545
27.5323 -0.482799 1.00568
27.5681 -0.482071 1.00593
27.6046 -0.481348 1.00619
27.6418 -0.480637 1.00647
27.6796 -0.479948 1.00675
27.718 -0.47929 1.00705
27.757 -0.478674 1.00735
27.7967 -0.478107 1.00767
27.8368 -0.4776 1.00799
27.8775 -0.477159 1.00832
27.9186 -0.476794 1.00866
27.96 -0.47651 1.00901
28.0019 -0.476315 1.00936
28.044 -0.476212 1.00972
28.0863 -0.476207 1.01009
28.1287 -0.476301 1.01045
28.1711 -0.476495 1.01082
28.2135 -0.476788 1.0112
28.2558 -0.477179 1.01158
28.2977 -0.477663 1.01195
28.3393 -0.478235 1.01234
28.3805 -0.478886 1.01272
28.4211 -0.479608 1.0131
28.461 -0.48039 1.01348
28.5001 -0.481219 1.01386
28.5384 -0.482082 1.01424
28.5758 -0.482964 1.01462
28.612 -0.483849 1.015
28.6472 -0.484722 1.01537
28.6813 -0.485566 1.01575
28.7142 -0.486367 1.01611
28.7459 -0.48711 1.01648
28.7765 -0.487783 1.01684
28.806 -0.488379 1.0172
28.8346 -0.488891 1.01755
28.8623 -0.489321 1.01789
28.8895 -0.489675 1.01822
28.9164 -0.489968 1.01855
28.9029 -0.493672 1.00517
28.9298 -0.493708 1.00516
28.9567 -0.493733 1.00515
28.9837 -0.493738 1.00514
29.0108 -0.493713 1.00514
29.0382 -0.493653 1.00515
29.0657 -0.493552 1.00517
29.0936 -0.493403 1.00521
29.1217 -0.493203 1.00526
29.1502 -0.492948 1.00533
29.1791 -0.492637 1.00541
29.2085 -0.492269 1.00552
29.2383 -0.491843 1.00564
29.2686 -0.491361 1.00578
29.2994 -0.490824 1.00593
29.3308 -0.490236 1.00611
29.3628 -0.489601 1.0063
29.3954 -0.488924 1.00652
29.4286 -0.488212 1.00674
29.4624 -0.48747 1.00699
29.4969 -0.486706 1.00725
29.5321 -0.48593 1.00753
29.5679 -0.485149 1.00782
29.6044 -0.484373 1.00813
29.6415 -0.483612 1.00845
29.6793 -0.482875 1.00878
29.7176 -0.482174 1.00912
29.7567 -0.481517 1.00948
29.7962 -0.480916 1.00984
29.8364 -0.480378 1.01022
29.877 -0.479914 1.0106
29.9181 -0.479532 1.01099
29.9595 -0.479239 1.01139
30.0014 -0.479041 1.01179
30.0435 -0.478945 1.0122
30.0858 -0.478953 1.01261
30.1282 -0.479069 1.01302
30.1707 -0.479294 1.01343
30.2131 -0.479626 1.01385
30.2553 -0.480064 1.01427
30.2973 -0.480603 1.01468
30.339 -0.481236 1.0151
30.3802 -0.481956 1.01551
30.4208 -0.482752 1.01592
30.4608 -0.483613 1.01633
30.5 -0.484526 1.01673
30.5384 -0.485475 1.01713
30.5757 -0.486445 1.01752
30.6121 -0.487418 1.01791
30.6474 -0.488378 1.01829
30.6815 -0.489307 1.01867
30.7144 -0.490189 1.01904
30.7462 -0.49101 1.0194
30.7768 -0.491756 1.01976
30.8064 -0.492417 1.0201
30.8349 -0.492989 1.02044
30.8627 -0.493473 1.02077
30.8899 -0.493874 1.02109
30.9168 -0.494209 1.0214
30.903 -0.499554 1.00778
30.9298 -0.499567 1.00776
30.9567 -0.499567 1.00775
30.9837 -0.499545 1.00774
31.0109 -0.499492 1.00774
31.0382 -0.499401 1.00775
31.0658 -0.499265 1.00778
31.0937 -0.499078 1.00782
31.1218 -0.498836 1.00787
31.1503 -0.498536 1.00795
31.1793 -0.498175 1.00803
31.2086 -0.497752 1.00814
31.2384 -0.497268 1.00827
31.2688 -0.496724 1.00841
31.2996 -0.496122 1.00858
31.331 -0.495465 1.00876
31.363 -0.494758 1.00896
31.3956 -0.494006 1.00918
31.4288 -0.493216 1.00941
31.4627 -0.492395 1.00966
31.4972 -0.491552 1.00993
31.5324 -0.490695 1.01021
31.5682 -0.489834 1.01051
31.6047 -0.488979 1.01082
31.6419 -0.488141 1.01114
31.6797 -0.487331 1.01148
31.7182 -0.486559 1.01182
31.7572 -0.485837 1.01218
31.7968 -0.485174 1.01255
31.837 -0.484583 1.01292
31.8777 -0.484071 1.0133
31.9188 -0.483649 1.01369
31.9604 -0.483325 1.01409
32.0023 -0.483105 1.01449
32.0445 -0.482996 1.01489
32.0869 -0.483003 1.0153
32.1294 -0.483128 1.01571
32.172 -0.483372 1.01613
32.2145 -0.483736 1.01654
32.2568 -0.484216 1.01696
32.2989 -0.484808 1.01738
32.3407 -0.485506 1.0178
32.382 -0.486301 1.01821
32.4228 -0.487182 1.01863
32.4629 -0.488138 1.01905
32.5022 -0.489155 1.01946
32.5406 -0.490215 1.01988
32.5781 -0.491303 1.02029
32.6145 -0.492401 1.0207
32.6498 -0.493489 1.02111
32.684 -0.494551 1.02151
32.717 -0.495568 1.02192
32.7488 -0.496524 1.02232
32.7795 -0.497405 1.02271
32.809 -0.4982 1.02311
32.8376 -0.498905 1.0235
32.8654 -0.499517 1.02388
32.8925 -0.500046 1.02425
32.9193 -0.500505 1.02462
32.9039 -0.500892 1.0095
32.9376 -0.500867 1.00942
32.9714 -0.500822 1.00932
33.0055 -0.500744 1.00918
33.0398 -0.500621 1.00899
33.0745 -0.500446 1.00872
33.1097 -0.500212 1.00836
33.1455 -0.499915 1.0079
33.1819 -0.499554 1.00731
33.219 -0.499129 1.00658
33.2568 -0.498645 1.00569
33.2954 -0.498107 1.00464
33.335 -0.497525 1.00341
33.3753 -0.496908 1.002
33.4166 -0.496269 1.0004
33.4588 -0.495622 0.998616
33.5019 -0.494984 0.996638
33.5459 -0.494372 0.994479
33.5908 -0.493804 0.992147
33.6365 -0.4933 0.989657
33.6829 -0.492877 0.987027
33.7299 -0.492556 0.984282
33.7776 -0.492354 0.981449
33.8256 -0.492288 0.978564
33.874 -0.492373 0.975664
33.9224 -0.492622 0.972796
33.9708 -0.493045 0.970007
34.0189 -0.49365 0.967353
34.0665 -0.494439 0.964894
34.1134 -0.495411 0.962693
34.1592 -0.496562 0.960818
34.2037 -0.497881 0.95934
34.2466 -0.499352 0.958332
34.2875 -0.500956 0.95787
34.3263 -0.502669 0.958027
34.3626 -0.504461 0.958877
34.396 -0.506299 0.960489
34.4264 -0.508146 0.962929
34.4535 -0.509965 0.966253
34.4771 -0.511716 0.970507
34.497 -0.513361 0.975724
34.5133 -0.514866 0.981918
34.526 -0.516202 0.989086
34.5351 -0.517349 0.997193
34.5411 -0.5183 1.00618
34.5443 -0.519064 1.01594
34.5455 -0.519674 1.02634
34.533 -0.523762 1.0126
34.5244 -0.524534 1.00028
34.5475 -0.500785 1.00048
34.571 -0.476443 1.00195
34.595 -0.450999 1.00587
34.6198 -0.424056 1.0133
34.6455 -0.395349 1.02516
34.6724 -0.364762 1.04219
34.7005 -0.332336 1.06493
34.73 -0.298282 1.09362
34.7607 -0.262983 1.12822
34.7925 -0.226986 1.16831
34.8252 -0.190989 1.2131
34.8584 -0.155816 1.26136
34.8914 -0.122375 1.31146
34.9234 -0.0916063 1.36137
34.9534 -0.0644165 1.40881
34.9801 -0.0415942 1.45133
35.0025 -0.0237102 1.4866
35.0195 -0.0110017 1.51277
35.0305 -0.00324005 1.52891
35.0359 0.000418127 1.53567
35.0224 -0.00370708 1.52305
