-0.00102011 -0.00858638 0.990722
-0.00138695 -0.00878826 0.990679
-0.00116032 -0.00884983 0.990621
0.000244738 -0.00863888 0.990539
0.00339669 -0.00803021 0.990425
0.00884031 -0.00690764 0.990273
0.0170883 -0.00516647 0.990081
0.0286119 -0.00271646 0.989845
0.0438302 0.000514838 0.989567
0.0630993 0.00457827 0.989247
0.0866998 0.00949911 0.988891
0.114825 0.0152729 0.988503
0.147571 0.0218615 0.988091
0.184923 0.0291898 0.987664
0.226752 0.0371425 0.987232
0.272803 0.0455632 0.986806
0.322705 0.0542551 0.986399
0.375967 0.0629832 0.986022
0.431999 0.0714815 0.985687
0.490134 0.0794632 0.985402
0.549666 0.0866363 0.985177
0.609899 0.092726 0.985014
0.670225 0.0975047 0.984916
0.730208 0.10083 0.984879
0.789705 0.102697 0.984895
0.849014 0.103296 0.984952
0.841244 0.103757 0.974938
0.868679 0.103676 0.974859
0.896173 0.103588 0.97478
0.923789 0.103482 0.974702
0.951584 0.103351 0.974626
0.979617 0.103186 0.974553
1.00794 0.102982 0.974485
1.03662 0.10273 0.974423
1.06569 0.102426 0.974369
1.09521 0.102064 0.974324
1.12522 0.101641 0.974289
1.15578 0.101155 0.974266
1.18691 0.100603 0.974258
1.21867 0.0999847 0.974265
1.25107 0.0993016 0.974289
1.28416 0.0985559 0.974331
1.31796 0.0977516 0.974395
1.35248 0.0968943 0.974481
1.38775 0.0959915 0.97459
1.42377 0.0950524 0.974726
1.46055 0.0940884 0.974888
1.49808 0.0931129 0.975079
1.53636 0.0921415 0.975301
1.57538 0.091192 0.975553
1.61511 0.0902849 0.975838
1.65552 0.0894426 0.976157
1.69658 0.0886905 0.97651
1.73823 0.0880562 0.976897
1.78044 0.08757 0.977319
1.82314 0.0872648 0.977776
1.86625 0.0871759 0.978268
1.90971 0.0873414 0.978794
1.95343 0.0878015 0.979353
1.99731 0.0885989 0.979943
2.04127 0.0897785 0.980563
2.08518 0.0913871 0.981211
2.12894 0.0934733 0.981884
2.17244 0.0960872 0.982579
2.21554 0.0992798 0.983292
2.25812 0.103103 0.984019
2.30005 0.107609 0.984758
2.34121 0.11285 0.985501
2.38146 0.118877 0.986246
2.42068 0.125738 0.986986
2.45874 0.133481 0.987716
2.49554 0.142148 0.98843
2.53097 0.15178 0.989123
2.56495 0.162409 0.98979
2.5974 0.174061 0.990424
2.62827 0.186757 0.991022
2.65755 0.200503 0.991579
2.68524 0.215298 0.992092
2.71138 0.231124 0.992558
2.73606 0.247952 0.992977
2.75942 0.265731 0.993349
2.78166 0.284393 0.993677
2.80302 0.303846 0.993966
2.82384 0.323972 0.994225
2.82191 0.317788 0.991488
2.84251 0.338408 0.991508
2.86314 0.359074 0.991529
2.88384 0.379832 0.991549
2.90464 0.400726 0.991567
2.92558 0.421798 0.991583
2.94668 0.443087 0.991594
2.96798 0.464634 0.9916
2.98951 0.486473 0.9916
3.01129 0.508641 0.991592
3.03337 0.531168 0.991575
3.05576 0.554083 0.991548
3.07849 0.577413 0.991509
3.10158 0.601181 0.991457
3.12506 0.625407 0.991392
3.14894 0.650106 0.991311
3.17325 0.675289 0.991214
3.198 0.700965 0.991099
3.22321 0.727136 0.990965
3.24888 0.7538 0.990811
3.27503 0.78095 0.990637
3.30165 0.808572 0.99044
3.32876 0.836648 0.990222
3.35636 0.865153 0.989981
3.38443 0.894056 0.989716
3.41297 0.923319 0.989428
3.44198 0.952899 0.989116
3.47143 0.982744 0.988781
3.5013 1.0128 0.988422
3.53159 1.04299 0.988041
3.56225 1.07325 0.987639
3.59326 1.1035 0.987215
3.62459 1.13366 0.986773
3.65619 1.16363 0.986313
3.68804 1.19331 0.985837
3.72008 1.2226 0.985347
3.75226 1.25139 0.984846
3.78454 1.27956 0.984337
3.81686 1.307 0.983822
3.84917 1.33359 0.983304
3.88142 1.3592 0.982787
3.91355 1.38371 0.982274
3.94549 1.407 0.981769
3.97721 1.42896 0.981276
4.00864 1.44947 0.980797
4.03974 1.46844 0.980337
4.07047 1.48576 0.979899
4.10078 1.50135 0.979487
4.13065 1.51517 0.979103
4.16006 1.52716 0.97875
4.189 1.5373 0.97843
4.21748 1.54562 0.978144
4.24553 1.55215 0.977892
4.27318 1.55698 0.977674
4.30051 1.56024 0.977489
4.32761 1.56212 0.977333
4.3546 1.56285 0.977202
4.38165 1.56274 0.977088
4.37288 1.56168 0.971251
4.39941 1.56157 0.971296
4.42599 1.56145 0.971343
4.45267 1.56134 0.971392
4.47951 1.56122 0.971445
4.50654 1.56111 0.971505
4.53381 1.561 0.971572
4.56138 1.56089 0.971648
4.58928 1.56078 0.971734
4.61756 1.56067 0.971832
4.64625 1.56057 0.971944
4.6754 1.56046 0.972072
4.70505 1.56034 0.972216
4.73521 1.56023 0.972379
4.76594 1.56011 0.972563
4.79724 1.55999 0.972768
4.82916 1.55986 0.972997
4.8617 1.55972 0.973252
4.89489 1.55957 0.973534
4.92875 1.55942 0.973844
4.96327 1.55926 0.974184
4.99847 1.55908 0.974556
5.03434 1.5589 0.974961
5.07089 1.5587 0.975399
5.1081 1.55849 0.975872
5.14596 1.55826 0.976381
5.18444 1.55802 0.976926
5.22353 1.55777 0.977508
5.26318 1.5575 0.978126
5.30336 1.55721 0.97878
5.34404 1.55692 0.979469
5.38515 1.5566 0.980193
5.42664 1.55628 0.980951
5.46845 1.55594 0.98174
5.51052 1.55559 0.982558
5.55276 1.55523 0.983402
5.5951 1.55487 0.984271
5.63746 1.55449 0.985159
5.67975 1.55412 0.986064
5.72187 1.55374 0.986981
5.76373 1.55337 0.987904
5.80524 1.55301 0.988829
5.84629 1.55265 0.989751
5.88679 1.5523 0.990663
5.92664 1.55198 0.991558
5.96575 1.55167 0.992432
6.00402 1.55139 0.993277
6.04138 1.55113 0.994087
6.07776 1.55091 0.994856
6.11308 1.55073 0.995578
6.1473 1.55058 0.996247
6.1804 1.55047 0.996858
6.21236 1.55041 0.997409
6.2432 1.55039 0.997895
6.27295 1.55042 0.998315
6.3017 1.55049 0.99867
6.32957 1.5506 0.998963
6.3567 1.55075 0.999198
6.38331 1.55093 0.999383
6.40966 1.55114 0.99953
6.40612 1.54515 0.997595
6.44011 1.54503 0.997702
6.4742 1.54492 0.997721
6.50847 1.54482 0.997564
6.54303 1.54472 0.997148
6.57795 1.54464 0.996394
6.61332 1.54458 0.995225
6.64921 1.54454 0.993571
6.6857 1.54451 0.991364
6.72283 1.5445 0.988546
6.76066 1.54452 0.985064
6.79924 1.54455 0.980873
6.8386 1.5446 0.975936
6.87876 1.54467 0.970226
6.91974 1.54476 0.963727
6.96153 1.54487 0.956434
7.00413 1.545 0.948354
7.0475 1.54514 0.939508
7.0916 1.54529 0.92993
7.13637 1.54545 0.919671
7.18173 1.54563 0.908797
7.22759 1.54581 0.897388
7.27384 1.54599 0.885547
7.32034 1.54618 0.873388
7.36695 1.54636 0.861048
7.4135 1.54654 0.84868
7.45981 1.54672 0.836454
7.50566 1.54688 0.824558
7.55085 1.54702 0.813198
7.59513 1.54715 0.802593
7.63826 1.54725 0.792974
7.67998 1.54733 0.784587
7.72003 1.54738 0.777683
7.75815 1.54739 0.77252
7.79407 1.54737 0.769353
7.82754 1.5473 0.768435
7.85831 1.54719 0.770008
7.88618 1.54704 0.774295
7.91096 1.54684 0.781493
7.93251 1.54659 0.791765
7.95074 1.54629 0.805227
7.96565 1.54593 0.821938
7.97729 1.54554 0.841883
7.98584 1.54509 0.864962
7.99159 1.54461 0.890971
7.99496 1.5441 0.919582
7.99657 1.54356 0.950323
7.9893 1.54186 0.947195
7.98286 1.5426 0.947641
8.00648 1.54237 0.947833
8.03018 1.54216 0.948456
8.05404 1.54198 0.949935
8.07814 1.54183 0.952685
8.10255 1.54171 0.957105
8.12735 1.54164 0.963583
8.1526 1.54162 0.972486
8.17838 1.54163 0.98416
8.20474 1.54169 0.998927
8.23175 1.54178 1.01708
8.25946 1.54189 1.03888
8.28792 1.54203 1.06456
8.31719 1.54217 1.09428
8.34728 1.54232 1.1282
8.37825 1.54246 1.16641
8.41012 1.54258 1.20892
8.44289 1.54267 1.25571
8.47659 1.54272 1.3067
8.5112 1.54273 1.36172
8.54671 1.54268 1.42054
8.5831 1.54257 1.48286
8.62033 1.54239 1.54828
8.65835 1.54215 1.61634
8.69711 1.54183 1.68651
8.73652 1.54145 1.75817
8.77649 1.541 1.83063
8.81694 1.5405 1.90314
8.85774 1.53995 1.97489
8.89879 1.53937 2.04501
8.93995 1.53877 2.11264
8.9811 1.53816 2.17686
9.02212 1.53757 2.23681
9.06287 1.53701 2.29164
9.10326 1.5365 2.34059
9.14319 1.53606 2.38301
9.1826 1.53571 2.41843
9.22146 1.53546 2.44659
9.25981 1.53531 2.4675
9.29773 1.53527 2.48157
9.33539 1.53533 2.48959
9.37306 1.53546 2.49294
9.36218 1.53394 2.48938
9.39527 1.53377 2.4894
9.42846 1.53362 2.48939
9.46186 1.53349 2.48933
9.49555 1.53339 2.4892
9.52964 1.53333 2.48896
9.5642 1.53332 2.4886
9.59932 1.53336 2.48809
9.63508 1.53345 2.48741
9.67153 1.53361 2.48654
9.70875 1.53383 2.48547
9.74677 1.53412 2.48418
9.78565 1.53449 2.48266
9.82541 1.53492 2.4809
9.86607 1.53542 2.47889
9.90764 1.536 2.47663
9.95012 1.53665 2.47413
9.99349 1.53737 2.47138
10.0377 1.53815 2.46839
10.0827 1.53899 2.46519
10.1285 1.53989 2.46179
10.1749 1.54084 2.45822
10.2218 1.54184 2.4545
10.2692 1.54287 2.45067
10.3168 1.54393 2.44677
10.3646 1.54502 2.44286
10.4123 1.54611 2.43897
10.4598 1.5472 2.43517
10.5068 1.54828 2.43153
10.5532 1.54935 2.4281
10.5985 1.55037 2.42497
10.6427 1.55136 2.42221
10.6855 1.55229 2.41989
10.7265 1.55316 2.4181
10.7654 1.55394 2.41691
10.8022 1.55464 2.41642
10.8363 1.55524 2.4167
10.8677 1.55574 2.41782
10.8961 1.55612 2.41985
10.9213 1.55639 2.42285
10.9431 1.55654 2.42687
10.9615 1.55656 2.43194
10.9765 1.55646 2.43807
10.9882 1.55625 2.44526
10.9966 1.55592 2.45345
11.0022 1.55551 2.46259
11.0054 1.55501 2.47256
11.0067 1.55446 2.48321
10.9859 1.55141 2.47547
10.9689 1.55137 2.46861
10.9869 1.55109 2.46868
11.0051 1.55084 2.46935
11.0238 1.55064 2.47115
11.043 1.5505 2.47464
11.0631 1.55043 2.4803
11.0842 1.55041 2.48858
11.1066 1.55042 2.49987
11.1303 1.55045 2.5145
11.1557 1.55046 2.53269
11.1828 1.55042 2.55457
11.2118 1.55028 2.58017
11.2428 1.55002 2.60937
11.276 1.54959 2.64192
11.3115 1.54899 2.67741
11.3492 1.54818 2.71527
11.3892 1.54718 2.75476
11.4315 1.546 2.79501
11.476 1.54468 2.83498
11.5226 1.54329 2.87356
11.5711 1.54188 2.90955
11.6214 1.54057 2.94177
11.6734 1.53945 2.96916
11.7267 1.53861 2.99083
11.7814 1.53815 3.00631
11.8374 1.53809 3.01566
11.8947 1.53842 3.01977
11.8815 1.5364 3.01388
11.9079 1.53624 3.01392
11.9344 1.53609 3.01395
11.961 1.53595 3.01399
11.9877 1.53584 3.01402
12.0146 1.53575 3.01405
12.0418 1.53569 3.01407
12.0692 1.53566 3.01408
12.0969 1.53567 3.01408
12.125 1.53572 3.01408
12.1535 1.53582 3.01406
12.1824 1.53596 3.01403
12.2118 1.53615 3.01398
12.2417 1.53639 3.01392
12.2721 1.53668 3.01384
12.303 1.53702 3.01374
12.3345 1.53741 3.01362
12.3666 1.53785 3.01347
12.3994 1.53834 3.01331
12.4327 1.53888 3.01313
12.4667 1.53946 3.01292
12.5013 1.54008 3.01269
12.5366 1.54074 3.01243
12.5725 1.54143 3.01216
12.609 1.54216 3.01186
12.6462 1.54292 3.01154
12.6839 1.54369 3.0112
12.7223 1.54449 3.01084
12.7611 1.54529 3.01046
12.8005 1.54611 3.01006
12.8404 1.54692 3.00965
12.8807 1.54773 3.00923
12.9213 1.54854 3.00879
12.9623 1.54933 3.00835
13.0035 1.55009 3.00791
13.0449 1.55083 3.00746
13.0864 1.55154 3.00701
13.128 1.55222 3.00657
13.1695 1.55285 3.00614
13.2109 1.55344 3.00571
13.252 1.55398 3.00531
13.2928 1.55447 3.00492
13.3332 1.55491 3.00456
13.373 1.55529 3.00422
13.4123 1.5556 3.00392
13.4509 1.55586 3.00365
13.4887 1.55606 3.00342
13.5256 1.55621 3.00323
13.5616 1.55629 3.00308
13.5966 1.55632 3.00298
13.6305 1.5563 3.00293
13.6634 1.55622 3.00292
13.6951 1.55611 3.00297
13.7258 1.55595 3.00306
13.7555 1.55576 3.0032
13.7842 1.55553 3.00338
13.8121 1.55529 3.00361
13.8392 1.55502 3.00386
13.8659 1.55475 3.00414
13.8923 1.55447 3.00444
13.8797 1.55274 2.99742
13.9062 1.5526 2.99749
13.9327 1.55246 2.99756
13.9594 1.55234 2.99763
13.9861 1.55222 2.9977
14.013 1.55212 2.99778
14.0402 1.55203 2.99786
14.0677 1.55196 2.99795
14.0954 1.55191 2.99804
14.1235 1.55188 2.99813
14.152 1.55187 2.99823
14.1809 1.55188 2.99833
14.2103 1.55192 2.99844
14.2401 1.55196 2.99856
14.2705 1.55203 2.99867
14.3014 1.55211 2.99879
14.3329 1.5522 2.99892
14.365 1.55231 2.99905
14.3977 1.55242 2.99918
14.431 1.55254 2.99932
14.4649 1.55266 2.99946
14.4995 1.55277 2.9996
14.5347 1.55288 2.99974
14.5705 1.55298 2.99989
14.607 1.55306 3.00004
14.6441 1.55313 3.0002
14.6817 1.55317 3.00036
14.72 1.55318 3.00052
14.7588 1.55317 3.00068
14.7981 1.55312 3.00085
14.8379 1.55303 3.00101
14.8781 1.55291 3.00119
14.9186 1.55274 3.00136
14.9596 1.55252 3.00154
15.0007 1.55226 3.00172
15.0421 1.55195 3.0019
15.0835 1.55159 3.00208
15.125 1.55119 3.00227
15.1665 1.55074 3.00246
15.2078 1.55025 3.00265
15.2489 1.54971 3.00285
15.2897 1.54914 3.00305
15.3301 1.54854 3.00324
15.37 1.54791 3.00344
15.4093 1.54725 3.00365
15.4479 1.54659 3.00385
15.4857 1.54591 3.00405
15.5227 1.54524 3.00425
15.5587 1.54458 3.00445
15.5938 1.54393 3.00464
15.6278 1.54331 3.00484
15.6607 1.54272 3.00503
15.6926 1.54217 3.00522
15.7234 1.54167 3.0054
15.7531 1.54122 3.00557
15.7819 1.54083 3.00574
15.8098 1.54049 3.00591
15.8371 1.54021 3.00606
15.8638 1.53997 3.0062
15.8903 1.53977 3.00634
15.8775 1.53816 2.99855
15.904 1.53804 2.99863
15.9305 1.53792 2.99871
15.9572 1.53782 2.9988
15.984 1.53773 2.99889
16.0109 1.53765 2.99898
16.0381 1.5376 2.99908
16.0656 1.53757 2.99918
16.0934 1.53757 2.99929
16.1215 1.53759 2.99939
16.15 1.53764 2.99951
16.1789 1.53772 2.99963
16.2083 1.53782 2.99975
16.2381 1.53796 2.99987
16.2685 1.53811 3
16.2994 1.5383 3.00013
16.3309 1.5385 3.00026
16.363 1.53873 3.0004
16.3956 1.53897 3.00053
16.4289 1.53922 3.00067
16.4628 1.53949 3.00081
16.4974 1.53975 3.00095
16.5325 1.54002 3.00108
16.5683 1.54029 3.00122
16.6047 1.54054 3.00136
16.6418 1.54079 3.0015
16.6794 1.54101 3.00163
16.7176 1.54121 3.00177
16.7564 1.54138 3.0019
16.7957 1.54152 3.00204
16.8354 1.54162 3.00217
16.8756 1.54168 3.0023
16.9161 1.54169 3.00243
16.957 1.54166 3.00255
16.9982 1.54158 3.00268
17.0395 1.54144 3.00281
17.081 1.54125 3.00293
17.1225 1.541 3.00306
17.164 1.54071 3.00318
17.2053 1.54036 3.0033
17.2465 1.53996 3.00342
17.2873 1.53951 3.00354
17.3277 1.53902 3.00366
17.3677 1.53849 3.00378
17.407 1.53793 3.0039
17.4457 1.53734 3.00402
17.4836 1.53674 3.00414
17.5207 1.53612 3.00425
17.5568 1.53551 3.00437
17.5919 1.5349 3.00448
17.6261 1.53431 3.0046
17.6591 1.53374 3.00471
17.6911 1.53321 3.00481
17.722 1.53272 3.00492
17.7518 1.53227 3.00502
17.7807 1.53188 3.00511
17.8088 1.53153 3.0052
17.8361 1.53124 3.00528
17.8629 1.531 3.00535
17.8895 1.53079 3.00541
17.8764 1.52876 2.99669
17.9029 1.52865 2.99677
17.9294 1.52854 2.99686
17.9561 1.52845 2.99695
17.9829 1.52837 2.99705
18.0098 1.52832 2.99715
18.037 1.52829 2.99726
18.0645 1.52829 2.99738
18.0922 1.52832 2.9975
18.1203 1.52838 2.99763
18.1488 1.52848 2.99777
18.1777 1.52861 2.99791
18.2071 1.52878 2.99807
18.2369 1.52898 2.99823
18.2673 1.52921 2.9984
18.2982 1.52948 2.99858
18.3297 1.52977 2.99876
18.3617 1.5301 2.99895
18.3943 1.53044 2.99915
18.4276 1.5308 2.99935
18.4615 1.53118 2.99956
18.496 1.53157 2.99977
18.5311 1.53197 2.99999
18.5669 1.53237 3.00022
18.6033 1.53276 3.00045
18.6403 1.53314 3.00068
18.6779 1.5335 3.00091
18.7161 1.53384 3.00115
18.7548 1.53416 3.00139
18.7941 1.53444 3.00163
18.8338 1.53468 3.00188
18.874 1.53488 3.00212
18.9145 1.53503 3.00236
18.9554 1.53513 3.00261
18.9966 1.53518 3.00285
19.0379 1.53516 3.0031
19.0794 1.53509 3.00334
19.121 1.53495 3.00358
19.1625 1.53476 3.00381
19.2038 1.5345 3.00405
19.245 1.53419 3.00428
19.2859 1.53381 3.0045
19.3264 1.53339 3.00472
19.3664 1.53292 3.00494
19.4058 1.53241 3.00514
19.4446 1.53187 3.00534
19.4825 1.5313 3.00554
19.5197 1.53071 3.00572
19.5559 1.53011 3.0059
19.5911 1.52952 3.00606
19.6253 1.52893 3.00622
19.6584 1.52837 3.00636
19.6904 1.52783 3.00649
19.7214 1.52733 3.00661
19.7513 1.52688 3.00671
19.7802 1.52647 3.0068
19.8083 1.52612 3.00688
19.8356 1.52582 3.00694
19.8625 1.52556 3.00699
19.8891 1.52535 3.00702
19.8755 1.52289 2.99742
19.902 1.52279 2.99752
19.9286 1.52269 2.99761
19.9552 1.52261 2.99771
19.982 1.52254 2.99781
20.0089 1.5225 2.99792
20.0361 1.52249 2.99804
20.0636 1.52251 2.99816
20.0913 1.52257 2.99829
20.1194 1.52266 2.99844
20.1479 1.52279 2.99859
20.1768 1.52296 2.99875
20.2061 1.52317 2.99892
20.236 1.52342 2.9991
20.2663 1.52371 2.99929
20.2972 1.52403 2.99949
20.3286 1.52439 2.9997
20.3606 1.52478 2.99991
20.3933 1.52519 3.00013
20.4265 1.52563 3.00036
20.4604 1.52609 3.0006
20.4948 1.52656 3.00084
20.53 1.52704 3.00109
20.5657 1.52752 3.00134
20.6021 1.528 3.0016
20.6391 1.52846 3.00186
20.6767 1.52891 3.00213
20.7149 1.52934 3.0024
20.7536 1.52973 3.00267
20.7929 1.53009 3.00294
20.8326 1.53041 3.00321
20.8728 1.53068 3.00349
20.9134 1.5309 3.00376
20.9543 1.53106 3.00403
20.9955 1.53116 3.0043
21.0369 1.5312 3.00457
21.0784 1.53117 3.00484
21.12 1.53107 3.0051
21.1615 1.5309 3.00535
21.203 1.53067 3.0056
21.2442 1.53037 3.00585
21.2852 1.53 3.00608
21.3258 1.52958 3.00631
21.3658 1.52911 3.00654
21.4053 1.52859 3.00675
21.4442 1.52803 3.00695
21.4822 1.52744 3.00714
21.5194 1.52682 3.00733
21.5557 1.5262 3.0075
21.591 1.52557 3.00765
21.6253 1.52496 3.0078
21.6585 1.52436 3.00793
21.6906 1.5238 3.00804
21.7216 1.52327 3.00815
21.7516 1.52279 3.00823
21.7805 1.52237 3.0083
21.8087 1.522 3.00836
21.836 1.52169 3.0084
21.8629 1.52143 3.00842
21.8895 1.52121 3.00842
21.8749 1.51847 2.99845
21.9014 1.51838 2.99856
21.928 1.5183 2.99867
21.9546 1.51822 2.99879
21.9814 1.51817 2.99891
22.0084 1.51815 2.99904
22.0356 1.51815 2.99918
22.0631 1.51819 2.99933
22.0908 1.51827 2.99949
22.1189 1.51839 2.99966
22.1474 1.51854 2.99985
22.1763 1.51874 3.00004
22.2057 1.51898 3.00025
22.2355 1.51926 3.00048
22.2659 1.51958 3.00071
22.2967 1.51994 3.00096
22.3282 1.52033 3.00121
22.3602 1.52076 3.00148
22.3928 1.52121 3.00176
22.426 1.52168 3.00205
22.4599 1.52218 3.00235
22.4943 1.52268 3.00266
22.5294 1.52319 3.00297
22.5652 1.5237 3.0033
22.6015 1.52421 3.00363
22.6385 1.5247 3.00396
22.6761 1.52517 3.0043
22.7143 1.52561 3.00464
22.753 1.52601 3.00499
22.7922 1.52638 3.00533
22.8319 1.52669 3.00568
22.8721 1.52695 3.00603
22.9127 1.52716 3.00638
22.9536 1.52729 3.00672
22.9948 1.52736 3.00706
23.0362 1.52736 3.0074
23.0777 1.52729 3.00773
23.1193 1.52714 3.00805
23.1609 1.52691 3.00836
23.2024 1.52661 3.00867
23.2437 1.52624 3.00897
23.2846 1.5258 3.00925
23.3253 1.5253 3.00952
23.3654 1.52475 3.00978
23.4049 1.52414 3.01003
23.4438 1.52349 3.01026
23.4819 1.52281 3.01047
23.5192 1.52212 3.01067
23.5555 1.52141 3.01085
23.5909 1.52071 3.01101
23.6252 1.52002 3.01115
23.6584 1.51936 3.01127
23.6906 1.51873 3.01137
23.7216 1.51816 3.01145
23.7516 1.51764 3.01151
23.7806 1.51719 3.01155
23.8087 1.5168 3.01157
23.8361 1.51648 3.01157
23.863 1.51622 3.01155
23.8896 1.51601 3.0115
23.8758 1.51586 3.00062
23.9022 1.51574 3.00071
23.9288 1.51563 3.0008
23.9554 1.51554 3.0009
23.9821 1.51547 3.00101
24.009 1.51544 3.00112
24.0362 1.51544 3.00125
24.0636 1.51548 3.00139
24.0914 1.51558 3.00155
24.1195 1.51572 3.00173
24.1479 1.51592 3.00192
24.1769 1.51617 3.00213
24.2062 1.51648 3.00236
24.2361 1.51685 3.0026
24.2665 1.51728 3.00287
24.2975 1.51775 3.00315
24.329 1.51828 3.00345
24.3611 1.51886 3.00377
24.3938 1.51948 3.00411
24.4272 1.52015 3.00446
24.4612 1.52085 3.00483
24.4959 1.52158 3.00522
24.5312 1.52233 3.00562
24.5672 1.52309 3.00604
24.6038 1.52387 3.00647
24.641 1.52464 3.00691
24.6789 1.52541 3.00736
24.7174 1.52617 3.00782
24.7565 1.52689 3.00829
24.7961 1.52759 3.00877
24.8362 1.52825 3.00926
24.8768 1.52886 3.00975
24.9177 1.52942 3.01024
24.9591 1.52991 3.01073
25.0007 1.53035 3.01122
25.0426 1.5307 3.01171
25.0846 1.53099 3.0122
25.1267 1.53119 3.01268
25.1687 1.53132 3.01316
25.2107 1.53136 3.01362
25.2525 1.53132 3.01408
25.2939 1.5312 3.01452
25.335 1.53101 3.01495
25.3756 1.53075 3.01536
25.4156 1.53041 3.01575
25.4549 1.53003 3.01613
25.4934 1.52959 3.01648
25.531 1.52911 3.01681
25.5677 1.5286 3.01712
25.6034 1.52807 3.0174
25.638 1.52754 3.01766
25.6714 1.52701 3.01789
25.7037 1.52649 3.0181
25.7349 1.52601 3.01827
25.765 1.52556 3.01843
25.7941 1.52515 3.01856
25.8222 1.5248 3.01867
25.8496 1.52449 3.01875
25.8764 1.52424 3.01882
25.9029 1.52402 3.01888
25.8872 1.52285 3.00744
25.9141 1.52275 3.00749
25.941 1.52265 3.00755
25.968 1.52258 3.00762
25.9952 1.52253 3.00769
26.0226 1.52251 3.00778
26.0502 1.52254 3.00787
26.0781 1.5226 3.00799
26.1063 1.52272 3.00812
26.1349 1.52288 3.00826
26.1639 1.5231 3.00842
26.1933 1.52337 3.0086
26.2233 1.52369 3.0088
26.2537 1.52407 3.00902
26.2847 1.5245 3.00926
26.3163 1.52497 3.00951
26.3484 1.52549 3.00978
26.3812 1.52605 3.01007
26.4146 1.52665 3.01038
26.4487 1.52728 3.0107
26.4834 1.52793 3.01103
26.5188 1.52859 3.01139
26.5549 1.52926 3.01175
26.5917 1.52993 3.01213
26.6291 1.53059 3.01252
26.6672 1.53124 3.01292
26.7059 1.53185 3.01334
26.7452 1.53243 3.01376
26.7851 1.53297 3.01419
26.8256 1.53345 3.01462
26.8665 1.53387 3.01507
26.9079 1.53422 3.01551
26.9497 1.5345 3.01596
26.9919 1.53469 3.01642
27.0343 1.5348 3.01687
27.0769 1.53481 3.01732
27.1196 1.53474 3.01777
27.1624 1.53456 3.01822
27.205 1.53429 3.01867
27.2475 1.53393 3.01911
27.2898 1.53348 3.01954
27.3317 1.53294 3.01997
27.3731 1.53233 3.02038
27.4139 1.53164 3.02079
27.454 1.53089 3.02119
27.4933 1.53009 3.02157
27.5318 1.52926 3.02195
27.5693 1.5284 3.02231
27.6057 1.52753 3.02266
27.641 1.52666 3.02299
27.6752 1.52582 3.02331
27.7082 1.525 3.02362
27.74 1.52423 3.02391
27.7706 1.52352 3.02419
27.8002 1.52288 3.02445
27.8288 1.52231 3.0247
27.8566 1.52181 3.02493
27.8838 1.52138 3.02516
27.9107 1.521 3.02537
27.8938 1.51967 3.01267
27.9207 1.51958 3.0127
27.9476 1.51949 3.01273
27.9746 1.51943 3.01276
28.0017 1.51939 3.01281
28.029 1.51939 3.01287
28.0566 1.51943 3.01294
28.0845 1.51952 3.01302
28.1127 1.51965 3.01312
28.1412 1.51984 3.01323
28.1702 1.52009 3.01337
28.1996 1.52039 3.01352
28.2294 1.52075 3.01369
28.2598 1.52116 3.01387
28.2908 1.52163 3.01408
28.3223 1.52215 3.0143
28.3544 1.52272 3.01454
28.3871 1.52332 3.01479
28.4204 1.52397 3.01506
28.4544 1.52464 3.01534
28.4891 1.52534 3.01564
28.5245 1.52605 3.01596
28.5605 1.52676 3.01628
28.5972 1.52748 3.01662
28.6345 1.52818 3.01697
28.6725 1.52886 3.01733
28.7112 1.52951 3.01769
28.7504 1.53012 3.01807
28.7903 1.53067 3.01845
28.8307 1.53117 3.01884
28.8716 1.5316 3.01924
28.9129 1.53196 3.01964
28.9547 1.53223 3.02004
28.9968 1.53241 3.02044
29.0392 1.53249 3.02085
29.0818 1.53248 3.02125
29.1245 1.53236 3.02166
29.1672 1.53214 3.02206
29.2099 1.53182 3.02247
29.2524 1.53139 3.02286
29.2947 1.53087 3.02326
29.3365 1.53025 3.02365
29.378 1.52955 3.02404
29.4188 1.52877 3.02442
29.459 1.52793 3.02479
29.4983 1.52704 3.02516
29.5368 1.5261 3.02552
29.5743 1.52514 3.02587
29.6108 1.52417 3.02622
29.6462 1.52321 3.02656
29.6804 1.52227 3.02689
29.7134 1.52136 3.02721
29.7452 1.52051 3.02752
29.7759 1.51972 3.02783
29.8054 1.51901 3.02813
29.834 1.51837 3.02842
29.8618 1.51782 3.0287
29.889 1.51733 3.02897
29.9159 1.51691 3.02923
29.8982 1.51582 3.01542
29.925 1.51573 3.01545
29.9519 1.51566 3.01548
29.9789 1.5156 3.01552
30.006 1.51558 3.01556
30.0333 1.51559 3.01562
30.0609 1.51565 3.0157
30.0887 1.51575 3.01578
30.1169 1.51591 3.01589
30.1454 1.51612 3.01601
30.1743 1.51639 3.01615
30.2037 1.51672 3.01631
30.2335 1.5171 3.01649
30.2639 1.51754 3.01668
30.2948 1.51804 3.0169
30.3262 1.51859 3.01713
30.3583 1.51919 3.01738
30.3909 1.51983 3.01765
30.4242 1.5205 3.01793
30.4581 1.5212 3.01823
30.4927 1.52193 3.01854
30.528 1.52267 3.01887
30.5639 1.52341 3.01921
30.6005 1.52414 3.01956
30.6378 1.52486 3.01993
30.6757 1.52555 3.0203
30.7143 1.52621 3.02068
30.7535 1.52681 3.02107
30.7932 1.52737 3.02146
30.8335 1.52785 3.02186
30.8743 1.52826 3.02227
30.9156 1.52859 3.02268
30.9573 1.52882 3.02309
30.9993 1.52896 3.0235
31.0417 1.52899 3.02391
31.0842 1.52892 3.02432
31.1268 1.52873 3.02472
31.1695 1.52844 3.02513
31.2121 1.52803 3.02553
31.2546 1.52751 3.02592
31.2968 1.52689 3.02631
31.3387 1.52618 3.0267
31.3801 1.52537 3.02707
31.4209 1.52449 3.02744
31.461 1.52353 3.0278
31.5004 1.52253 3.02815
31.5389 1.52148 3.0285
31.5764 1.52042 3.02883
31.6129 1.51934 3.02916
31.6483 1.51828 3.02948
31.6825 1.51725 3.02978
31.7155 1.51627 3.03008
31.7474 1.51534 3.03037
31.778 1.51449 3.03065
31.8076 1.51373 3.03092
31.8362 1.51305 3.03119
31.864 1.51246 3.03144
31.8912 1.51196 3.03168
31.918 1.51152 3.03192
31.8997 1.50748 3.02023
31.9334 1.50734 3.02036
31.9673 1.50722 3.02056
32.0013 1.50715 3.02087
32.0356 1.50714 3.02135
32.0702 1.50721 3.02205
32.1053 1.50736 3.02301
32.1409 1.5076 3.02428
32.1772 1.50795 3.02589
32.2141 1.50841 3.02788
32.2517 1.50898 3.03028
32.29 1.50964 3.03311
32.3292 1.51042 3.03639
32.3692 1.51128 3.04013
32.4101 1.51223 3.04433
32.4518 1.51325 3.049
32.4945 1.51433 3.05412
32.5379 1.51545 3.05969
32.5822 1.5166 3.06567
32.6273 1.51775 3.07202
32.673 1.51889 3.07872
32.7195 1.52 3.0857
32.7664 1.52106 3.09289
32.8137 1.52204 3.10024
32.8614 1.52293 3.10764
32.9091 1.52372 3.11501
32.9568 1.52438 3.12223
33.0042 1.52491 3.1292
33.0511 1.52529 3.13578
33.0972 1.52552 3.14185
33.1424 1.52559 3.14725
33.1863 1.52551 3.15184
33.2287 1.52527 3.15546
33.2691 1.5249 3.15795
33.3075 1.5244 3.15917
33.3434 1.52378 3.15894
33.3766 1.52308 3.15714
33.4068 1.52232 3.15361
33.4337 1.52153 3.14823
33.4573 1.52073 3.14091
33.4773 1.51995 3.13158
33.4938 1.51924 3.12019
33.5066 1.5186 3.10676
33.5161 1.51807 3.09134
33.5224 1.51765 3.07407
33.5261 1.51734 3.05512
33.5278 1.51714 3.0348
33.5207 1.51095 3.02456
33.5196 1.51084 2.89956
33.5156 1.5148 2.76281
33.5082 1.52195 2.60636
33.5017 1.52585 2.43097
33.5058 1.51588 2.25121
33.533 1.481 2.09728
33.5925 1.41511 2.006
33.577 1.41009 1.9913
33.5977 1.38886 1.99128
33.6186 1.36755 1.99133
33.6397 1.34607 1.99153
33.6611 1.32432 1.99196
33.6832 1.30223 1.99266
33.7058 1.2797 1.9937
33.7292 1.25665 1.99511
33.7534 1.23301 1.99695
33.7785 1.20869 1.99925
33.8046 1.18364 2.00201
33.8317 1.15779 2.00527
33.86 1.1311 2.00902
33.8893 1.10355 2.01326
33.9198 1.07511 2.01797
33.9514 1.0458 2.02312
33.984 1.01565 2.02866
34.0177 0.984706 2.03454
34.0522 0.953061 2.0407
34.0875 0.920828 2.04704
34.1234 0.888156 2.05347
34.1597 0.855225 2.05988
34.1962 0.822253 2.06613
34.2325 0.78949 2.07209
34.2684 0.75722 2.07761
34.3034 0.725755 2.08253
34.3373 0.695433 2.08667
34.3696 0.666609 2.08987
34.3998 0.639646 2.09196
34.4277 0.614906 2.09277
34.4527 0.592728 2.09216
34.4746 0.573415 2.08998
34.493 0.557208 2.08615
34.5078 0.544259 2.08059
34.5189 0.534595 2.07331
34.5265 0.528083 2.06437
34.5308 0.524382 2.0539
34.5327 0.52289 2.04217
34.5233 0.516775 2.03167
34.5105 0.515263 2.01876
34.5338 0.491226 2.01902
34.5574 0.467022 2.01816
34.5815 0.44244 2.0151
34.6064 0.417235 2.00881
34.6321 0.391142 1.99838
34.6588 0.363901 1.98302
34.6867 0.335276 1.96217
34.7158 0.305097 1.93549
34.746 0.273295 1.90295
34.7773 0.239946 1.8649
34.8095 0.205314 1.82204
34.842 0.169891 1.77553
34.8742 0.134418 1.72694
34.9055 0.0998909 1.67825
34.9346 0.0675317 1.63174
34.9606 0.0387098 1.58984
34.9823 0.0148012 1.55491
34.9987 -0.00303541 1.52888
35.0092 -0.0141901 1.51273
35.0143 -0.0190649 1.50584
35.0003 -0.02269 1.4918
