0.00228735 0.00321457 0.99114
0.00216501 0.00317793 0.99109
0.00221541 0.00314215 0.991041
0.00260933 0.00310853 0.99099
0.00351516 0.0030784 0.990937
0.00509839 0.00305317 0.990883
0.00752118 0.00303435 0.990827
0.0109418 0.00302349 0.990769
0.0155143 0.00302227 0.99071
0.0213874 0.00303245 0.990651
0.0287046 0.00305589 0.990592
0.0376027 0.00309454 0.990534
0.048212 0.00315043 0.990479
0.0606548 0.00322569 0.990428
0.0750449 0.00332252 0.990383
0.0914869 0.00344315 0.990345
0.110075 0.00358988 0.990317
0.130894 0.00376501 0.990301
0.154014 0.00397083 0.990299
0.179495 0.00420962 0.990313
0.207382 0.00448356 0.990346
0.237706 0.00479474 0.990401
0.270484 0.00514512 0.990479
0.305714 0.00553647 0.990583
0.343379 0.00597033 0.990715
0.383445 0.006448 0.990878
0.425857 0.00697044 0.991073
0.470544 0.00753827 0.991302
0.517415 0.0081517 0.991566
0.566357 0.0088105 0.991867
0.617239 0.00951394 0.992204
0.669911 0.0102608 0.992579
0.7242 0.0110492 0.99299
0.779917 0.0118767 0.993438
0.836852 0.0127403 0.993919
0.894778 0.0136364 0.994433
0.95345 0.0145605 0.994976
1.01261 0.0155077 0.995545
1.07198 0.0164723 0.996136
1.13129 0.0174482 0.996743
1.19024 0.0184285 0.997362
1.24853 0.019406 0.997987
1.30587 0.0203729 0.998609
1.36197 0.0213212 0.999224
1.41655 0.0222428 0.999822
1.46933 0.0231294 1.0004
1.52007 0.0239729 1.00094
1.56856 0.0247656 1.00144
1.61461 0.0255006 1.0019
1.6581 0.0261718 1.0023
1.69896 0.0267743 1.00265
1.73717 0.0273051 1.00293
1.77281 0.0277631 1.00315
1.80607 0.0281499 1.00331
1.83723 0.0284702 1.0034
1.86669 0.0287325 1.00345
1.89503 0.0289497 1.00345
1.89079 0.0216717 1.00172
1.92407 0.0215068 1.0018
1.95745 0.0213517 1.00181
1.99102 0.0212142 1.00171
2.02487 0.0211018 1.00143
2.05908 0.0210218 1.00093
2.09373 0.0209811 1.00014
2.1289 0.0209866 0.999026
2.16466 0.0210445 0.997536
2.20106 0.0211609 0.995633
2.23817 0.0213415 0.993278
2.27603 0.0215915 0.990441
2.31467 0.0219156 0.987095
2.35413 0.0223181 0.983221
2.39442 0.0228026 0.978806
2.43554 0.023372 0.973844
2.47749 0.0240284 0.968336
2.52025 0.0247733 0.962293
2.56377 0.0256071 0.955734
2.60801 0.0265291 0.948689
2.65289 0.0275378 0.941196
2.69834 0.0286302 0.933305
2.74426 0.0298023 0.925077
2.79051 0.0310487 0.916584
2.83698 0.0323626 0.907909
2.8835 0.0337357 0.899148
2.92989 0.0351583 0.890408
2.97598 0.0366192 0.881806
3.02155 0.0381058 0.873473
3.06639 0.0396039 0.865547
3.11026 0.041098 0.858176
3.15292 0.0425716 0.851518
3.19411 0.0440066 0.845735
3.23358 0.0453845 0.840995
3.27107 0.0466858 0.837467
3.30632 0.047891 0.835321
3.3391 0.0489804 0.83472
3.36918 0.0499352 0.83582
3.39635 0.0507375 0.838765
3.42045 0.0513711 0.843679
3.44135 0.0518226 0.850664
3.45898 0.052082 0.85979
3.47334 0.0521435 0.871086
3.4845 0.0520071 0.884535
3.49264 0.0516796 0.900065
3.49805 0.051176 0.91753
3.50116 0.0505213 0.936709
3.50256 0.0497522 0.957283
3.49324 0.0513659 0.954706
3.49229 0.0507753 1.03848
3.49158 0.0503481 1.12608
3.49173 0.0501095 1.22072
3.49393 0.0499848 1.32438
3.50003 0.0498255 1.4373
3.51276 0.0494594 1.55724
3.53571 0.0487644 1.679
3.57315 0.0477515 1.79427
3.62963 0.0466291 1.89238
3.70897 0.045797 1.96253
3.81277 0.0456939 1.99841
3.80514 0.0472954 1.99286
3.83691 0.0471304 1.99275
3.86876 0.0469433 1.99265
3.90077 0.0467123 1.99255
3.93301 0.0464156 1.99245
3.96556 0.0460325 1.99235
3.99849 0.0455427 1.99225
4.03186 0.044927 1.99215
4.06573 0.0441673 1.99206
4.10017 0.0432466 1.99196
4.13521 0.0421496 1.99186
4.17092 0.0408625 1.99177
4.20732 0.0393735 1.99167
4.24445 0.0376727 1.99158
4.28234 0.0357529 1.99149
4.32099 0.0336092 1.9914
4.36042 0.0312397 1.99132
4.40062 0.0286455 1.99124
4.44157 0.0258311 1.99118
4.48326 0.0228047 1.99111
4.52565 0.019578 1.99106
4.56868 0.0161671 1.99102
4.61229 0.012592 1.991
4.65642 0.00887758 1.99099
4.70097 0.00505285 1.991
4.74584 0.00115174 1.99103
4.79091 -0.00278711 1.99108
4.83606 -0.00672034 1.99116
4.88114 -0.0105998 1.99126
4.92599 -0.0143729 1.99139
4.97045 -0.0179826 1.99156
5.01435 -0.0213678 1.99175
5.05748 -0.0244639 1.99199
5.09967 -0.0272033 1.99225
5.1407 -0.0295158 1.99256
5.18037 -0.03133 1.9929
5.21849 -0.032574 1.99328
5.25486 -0.0331767 1.9937
5.28929 -0.0330692 1.99416
5.32161 -0.0321866 1.99465
5.35166 -0.03047 1.99518
5.37934 -0.0278686 1.99574
5.40454 -0.0243422 1.99633
5.42723 -0.0198643 1.99694
5.44741 -0.0144252 1.99758
5.46518 -0.00803573 1.99824
5.48068 -0.00073123 1.99891
5.49416 0.00742382 1.99959
5.50598 0.0163309 2.00028
5.51661 0.0258517 2.00096
5.50572 0.019314 1.9987
5.52393 0.0375985 1.99883
5.5423 0.056152 1.99894
5.56101 0.0752139 1.99901
5.58022 0.0950014 1.99902
5.60008 0.115705 1.99894
5.62074 0.137483 1.99877
5.64235 0.160455 1.99848
5.66504 0.184699 1.99805
5.68893 0.210239 1.99747
5.71411 0.237044 1.99674
5.74067 0.265019 1.99585
5.76868 0.294001 1.9948
5.79816 0.323756 1.99361
5.82914 0.353972 1.99229
5.86158 0.384267 1.99087
5.89544 0.414186 1.98939
5.93063 0.443213 1.98791
5.96705 0.470784 1.98647
6.00457 0.496306 1.98514
6.04304 0.519189 1.984
6.08229 0.53888 1.98312
6.1222 0.554912 1.98256
6.16265 0.56697 1.98237
6.20358 0.574968 1.9826
6.24504 0.579139 1.98322
6.2872 0.580157 1.98419
6.27431 0.576736 1.97891
6.29905 0.576588 1.97889
6.32386 0.576447 1.97887
6.34882 0.576314 1.97886
6.37401 0.576191 1.97885
6.39949 0.576078 1.97886
6.42534 0.575976 1.97889
6.45162 0.575886 1.97893
6.4784 0.575805 1.97899
6.50573 0.575734 1.97908
6.53368 0.575671 1.97919
6.5623 0.575613 1.97933
6.59163 0.575558 1.9795
6.62172 0.575503 1.97971
6.6526 0.575444 1.97995
6.68431 0.575379 1.98023
6.71686 0.575303 1.98055
6.75029 0.575213 1.98092
6.78458 0.575104 1.98132
6.81976 0.574972 1.98178
6.8558 0.574813 1.98227
6.8927 0.574624 1.98282
6.93042 0.574401 1.98341
6.96893 0.574141 1.98405
7.00817 0.57384 1.98473
7.0481 0.573497 1.98546
7.08864 0.573111 1.98623
7.12972 0.57268 1.98704
7.17123 0.572205 1.98789
7.2131 0.571687 1.98877
7.2552 0.571128 1.98968
7.29742 0.570531 1.99062
7.33964 0.569901 1.99158
7.38174 0.569243 1.99256
7.42357 0.568563 1.99355
7.46501 0.567869 1.99453
7.50594 0.56717 1.99552
7.54623 0.566474 1.99649
7.58577 0.565791 1.99745
7.62446 0.56513 1.99838
7.66223 0.564502 1.99928
7.69904 0.563914 2.00014
7.73486 0.563375 2.00096
7.76973 0.562891 2.00173
7.80373 0.562465 2.00246
7.837 0.562096 2.00315
7.86976 0.561781 2.00379
7.90231 0.561508 2.00439
7.8914 0.559346 1.99878
7.91835 0.559223 1.9988
7.94534 0.559104 1.99883
7.97244 0.558991 1.99886
7.99968 0.558886 1.99888
8.02712 0.558789 1.9989
8.05481 0.558703 1.99891
8.08278 0.558627 1.99892
8.11108 0.558563 1.99893
8.13975 0.558511 1.99893
8.16884 0.558471 1.99893
8.19837 0.558443 1.99892
8.22839 0.558425 1.9989
8.25893 0.558418 1.99887
8.29001 0.558419 1.99883
8.32167 0.558429 1.99879
8.35393 0.558445 1.99874
8.3868 0.558466 1.99868
8.42031 0.55849 1.99861
8.45447 0.558515 1.99854
8.48928 0.558538 1.99845
8.52475 0.558558 1.99836
8.56088 0.558572 1.99826
8.59766 0.558577 1.99816
8.63509 0.558572 1.99805
8.67314 0.558553 1.99794
8.71179 0.558518 1.99782
8.75102 0.558466 1.9977
8.79079 0.558393 1.99758
8.83106 0.558298 1.99746
8.87179 0.55818 1.99735
8.91292 0.558036 1.99723
8.9544 0.557866 1.99712
8.99616 0.557668 1.99702
9.03812 0.557443 1.99693
9.08023 0.55719 1.99684
9.12238 0.556909 1.99677
9.16451 0.556601 1.99671
9.20651 0.556268 1.99666
9.24829 0.555912 1.99664
9.28976 0.555534 1.99662
9.33083 0.555138 1.99663
9.37138 0.554727 1.99666
9.41133 0.554305 1.9967
9.45057 0.553875 1.99677
9.48903 0.553444 1.99687
9.5266 0.553015 1.99698
9.56322 0.552593 1.99712
9.59883 0.552185 1.99728
9.63337 0.551794 1.99746
9.6668 0.551426 1.99766
9.69911 0.551086 1.99789
9.73032 0.550777 1.99813
9.76047 0.550502 1.99839
9.78962 0.550263 1.99867
9.81789 0.550061 1.99895
9.84543 0.549893 1.99925
9.87246 0.549756 1.99956
9.89923 0.549643 1.99986
9.88818 0.547773 1.99376
9.91467 0.547657 1.99379
9.94121 0.547546 1.99381
9.96785 0.547443 1.99384
9.99462 0.54735 1.99386
10.0216 0.54727 1.99389
10.0488 0.547204 1.99392
10.0763 0.547155 1.99395
10.104 0.547124 1.99398
10.1322 0.547111 1.99401
10.1607 0.547117 1.99404
10.1897 0.547143 1.99407
10.2191 0.547188 1.9941
10.249 0.547251 1.99414
10.2795 0.547334 1.99417
10.3105 0.547433 1.99421
10.3421 0.547548 1.99425
10.3742 0.547678 1.99429
10.407 0.54782 1.99433
10.4404 0.547972 1.99438
10.4745 0.548131 1.99443
10.5092 0.548296 1.99448
10.5445 0.548464 1.99453
10.5805 0.548631 1.99459
10.6171 0.548794 1.99465
10.6543 0.548951 1.99472
10.6921 0.549098 1.99479
10.7305 0.549233 1.99487
10.7694 0.549352 1.99496
10.8089 0.549452 1.99505
10.8488 0.54953 1.99515
10.8891 0.549585 1.99526
10.9298 0.549614 1.99538
10.9709 0.549614 1.99551
11.0121 0.549584 1.99565
11.0536 0.549523 1.9958
11.0952 0.54943 1.99597
11.1367 0.549304 1.99614
11.1783 0.549146 1.99633
11.2196 0.548956 1.99652
11.2608 0.548736 1.99673
11.3016 0.548487 1.99695
11.342 0.548212 1.99719
11.3819 0.547913 1.99743
11.4211 0.547595 1.99768
11.4597 0.547261 1.99795
11.4975 0.546915 1.99822
11.5344 0.546563 1.9985
11.5703 0.546209 1.99879
11.6053 0.545859 1.99909
11.6392 0.545518 1.99939
11.6721 0.545192 1.99969
11.7038 0.544886 1.99999
11.7345 0.544603 2.0003
11.7641 0.544348 2.00061
11.7927 0.544123 2.00091
11.8205 0.543929 2.00121
11.8476 0.543766 2.0015
11.8742 0.543631 2.00179
11.9006 0.543518 2.00207
11.8882 0.543303 1.99545
11.9151 0.543188 1.99545
11.9421 0.54308 1.99545
11.9692 0.542981 1.99545
11.9964 0.542895 1.99546
12.0238 0.542825 1.99547
12.0514 0.542773 1.99548
12.0794 0.542742 1.9955
12.1077 0.542733 1.99553
12.1363 0.542747 1.99556
12.1654 0.542785 1.9956
12.1949 0.542847 1.99565
12.225 0.542934 1.9957
12.2555 0.543044 1.99576
12.2866 0.543176 1.99583
12.3183 0.543331 1.99591
12.3505 0.543504 1.99599
12.3834 0.543696 1.99608
12.417 0.543902 1.99618
12.4512 0.544121 1.99629
12.486 0.544348 1.99641
12.5216 0.544582 1.99654
12.5577 0.544818 1.99668
12.5946 0.545053 1.99683
12.6321 0.545282 1.99699
12.6703 0.545502 1.99716
12.709 0.54571 1.99734
12.7484 0.5459 1.99753
12.7883 0.546069 1.99774
12.8288 0.546214 1.99796
12.8697 0.546331 1.99818
12.911 0.546417 1.99843
12.9527 0.546468 1.99868
12.9947 0.546483 1.99894
13.0369 0.54646 1.99922
13.0792 0.546396 1.99951
13.1216 0.546291 1.99981
13.1641 0.546144 2.00012
13.2064 0.545957 2.00045
13.2484 0.545729 2.00078
13.2902 0.545462 2.00112
13.3316 0.54516 2.00147
13.3725 0.544824 2.00183
13.4128 0.544459 2.00219
13.4524 0.54407 2.00256
13.4912 0.543661 2.00293
13.5291 0.543238 2.00331
13.566 0.542808 2.00369
13.6019 0.542375 2.00406
13.6367 0.541949 2.00443
13.6704 0.541533 2.0048
13.703 0.541136 2.00516
13.7344 0.540762 2.00552
13.7648 0.540417 2.00586
13.7941 0.540103 2.0062
13.8225 0.539824 2.00652
13.8502 0.539578 2.00684
13.8773 0.539363 2.00713
13.9041 0.539173 2.00742
13.8905 0.537663 2.00014
13.9174 0.537554 2.00013
13.9444 0.537452 2.00013
13.9714 0.537363 2.00012
13.9986 0.53729 2.00012
14.026 0.537237 2.00012
14.0536 0.537209 2.00012
14.0816 0.537207 2.00013
14.1098 0.537234 2.00014
14.1385 0.537292 2.00016
14.1676 0.537382 2.00017
14.1971 0.537504 2.0002
14.2271 0.53766 2.00023
14.2576 0.537849 2.00026
14.2887 0.53807 2.00029
14.3204 0.538321 2.00033
14.3527 0.538601 2.00038
14.3856 0.538908 2.00042
14.4192 0.539239 2.00048
14.4535 0.53959 2.00053
14.4884 0.539959 2.0006
14.5239 0.540341 2.00066
14.5602 0.540731 2.00074
14.5971 0.541126 2.00082
14.6347 0.541521 2.0009
14.673 0.541911 2.00099
14.7119 0.542291 2.00109
14.7513 0.542656 2.0012
14.7914 0.543 2.00131
14.8319 0.54332 2.00143
14.873 0.543611 2.00157
14.9145 0.543867 2.00171
14.9563 0.544085 2.00186
14.9985 0.544262 2.00202
15.0409 0.544393 2.0022
15.0834 0.544478 2.00238
15.126 0.544512 2.00258
15.1687 0.544495 2.0028
15.2112 0.544427 2.00302
15.2535 0.544307 2.00326
15.2955 0.544137 2.00352
15.3371 0.543918 2.00378
15.3782 0.543653 2.00407
15.4187 0.543346 2.00436
15.4585 0.543001 2.00467
15.4974 0.542623 2.005
15.5355 0.542218 2.00533
15.5726 0.541792 2.00568
15.6087 0.541353 2.00604
15.6437 0.540907 2.00641
15.6775 0.540462 2.0068
15.7101 0.540025 2.00718
15.7416 0.539604 2.00758
15.772 0.539203 2.00798
15.8014 0.538828 2.00838
15.8298 0.538483 2.00878
15.8575 0.538167 2.00919
15.8846 0.53788 2.00958
15.9114 0.537617 2.00997
15.8968 0.536038 2.00175
15.9237 0.535932 2.00172
15.9506 0.535833 2.0017
15.9776 0.535749 2.00168
16.0047 0.535682 2.00166
16.0321 0.535639 2.00164
16.0597 0.535622 2.00163
16.0876 0.535636 2.00162
16.1158 0.535682 2.00162
16.1444 0.535762 2.00163
16.1734 0.535878 2.00163
16.2029 0.536032 2.00165
16.2328 0.536222 2.00167
16.2633 0.536449 2.0017
16.2943 0.536712 2.00173
16.326 0.537009 2.00177
16.3582 0.537338 2.00182
16.391 0.537696 2.00187
16.4245 0.538081 2.00193
16.4587 0.538488 2.00199
16.4935 0.538914 2.00207
16.529 0.539354 2.00215
16.5652 0.539803 2.00223
16.602 0.540255 2.00233
16.6396 0.540707 2.00243
16.6777 0.541151 2.00254
16.7165 0.541582 2.00266
16.7559 0.541994 2.00278
16.7959 0.542382 2.00292
16.8363 0.54274 2.00307
16.8773 0.543063 2.00323
16.9187 0.543346 2.0034
16.9605 0.543583 2.00358
17.0026 0.543772 2.00377
17.0449 0.543907 2.00398
17.0874 0.543986 2.0042
17.13 0.544008 2.00444
17.1726 0.543969 2.00469
17.215 0.543871 2.00495
17.2573 0.543712 2.00523
17.2993 0.543495 2.00552
17.3409 0.543221 2.00583
17.382 0.542894 2.00616
17.4225 0.542517 2.0065
17.4623 0.542097 2.00686
17.5012 0.541639 2.00723
17.5393 0.54115 2.00761
17.5765 0.540638 2.00801
17.6125 0.54011 2.00843
17.6475 0.539576 2.00885
17.6813 0.539044 2.00929
17.714 0.538522 2.00973
17.7455 0.538018 2.01019
17.7759 0.537539 2.01065
17.8053 0.537092 2.01111
17.8337 0.536679 2.01158
17.8613 0.536302 2.01204
17.8884 0.535958 2.0125
17.9151 0.535643 2.01295
17.899 0.534303 2.00368
17.9259 0.534196 2.00363
17.9527 0.534098 2.00358
17.9797 0.534016 2.00354
18.0068 0.533955 2.0035
18.0341 0.533921 2.00346
18.0617 0.533917 2.00343
18.0896 0.533948 2.0034
18.1178 0.534016 2.00339
18.1463 0.534125 2.00338
18.1753 0.534275 2.00338
18.2047 0.534469 2.00339
18.2347 0.534705 2.00341
18.2651 0.534985 2.00344
18.2961 0.535307 2.00348
18.3277 0.535669 2.00352
18.3599 0.53607 2.00358
18.3927 0.536506 2.00364
18.4262 0.536974 2.00372
18.4603 0.537471 2.0038
18.4951 0.53799 2.0039
18.5306 0.538528 2.004
18.5667 0.539079 2.00412
18.6035 0.539637 2.00424
18.641 0.540197 2.00438
18.6792 0.540751 2.00452
18.7179 0.541293 2.00468
18.7573 0.541818 2.00485
18.7972 0.542317 2.00503
18.8377 0.542786 2.00522
18.8787 0.543217 2.00542
18.9201 0.543605 2.00564
18.9619 0.543945 2.00587
19.004 0.544232 2.00611
19.0463 0.54446 2.00637
19.0888 0.544628 2.00663
19.1314 0.544731 2.00692
19.1741 0.544767 2.00721
19.2166 0.544737 2.00752
19.2589 0.544639 2.00785
19.3009 0.544475 2.00819
19.3426 0.544247 2.00854
19.3837 0.543958 2.00891
19.4243 0.543612 2.00929
19.4641 0.543214 2.00969
19.5031 0.542772 2.0101
19.5413 0.542292 2.01052
19.5785 0.541783 2.01095
19.6146 0.541252 2.0114
19.6496 0.540711 2.01185
19.6835 0.540167 2.01231
19.7162 0.53963 2.01278
19.7478 0.539109 2.01325
19.7782 0.538612 2.01373
19.8075 0.538145 2.01421
19.836 0.537712 2.01469
19.8636 0.537316 2.01516
19.8906 0.536954 2.01563
19.9174 0.536621 2.01609
19.9 0.534966 2.00569
19.9268 0.534868 2.00563
19.9537 0.534779 2.00557
19.9806 0.534706 2.00552
20.0077 0.534655 2.00547
20.035 0.534631 2.00543
20.0626 0.534638 2.0054
20.0904 0.53468 2.00538
20.1186 0.534761 2.00536
20.1471 0.534881 2.00536
20.1761 0.535043 2.00536
20.2055 0.535248 2.00538
20.2354 0.535496 2.00541
20.2659 0.535785 2.00545
20.2969 0.536115 2.00551
20.3284 0.536484 2.00557
20.3606 0.536888 2.00565
20.3934 0.537324 2.00574
20.4269 0.537789 2.00584
20.461 0.538277 2.00595
20.4958 0.538783 2.00608
20.5313 0.539302 2.00622
20.5675 0.539827 2.00637
20.6043 0.540353 2.00653
20.6418 0.540871 2.00671
20.68 0.541376 2.0069
20.7188 0.541861 2.0071
20.7582 0.542317 2.00732
20.7982 0.54274 2.00754
20.8387 0.54312 2.00778
20.8798 0.543453 2.00804
20.9212 0.543732 2.0083
20.9631 0.543952 2.00859
21.0053 0.544108 2.00888
21.0477 0.544196 2.00919
21.0904 0.544211 2.00951
21.1331 0.544154 2.00984
21.1758 0.54402 2.01019
21.2184 0.543812 2.01055
21.2609 0.543529 2.01093
21.3031 0.543174 2.01132
21.3448 0.54275 2.01172
21.3861 0.542261 2.01214
21.4268 0.541715 2.01256
21.4668 0.541118 2.013
21.5059 0.540478 2.01345
21.5442 0.539804 2.01391
21.5815 0.539107 2.01438
21.6178 0.538397 2.01486
21.6529 0.537685 2.01535
21.6869 0.536982 2.01584
21.7197 0.5363 2.01634
21.7513 0.535648 2.01684
21.7817 0.535035 2.01734
21.8111 0.534467 2.01784
21.8396 0.533949 2.01833
21.8672 0.533482 2.01883
21.8943 0.533063 2.01931
21.921 0.532682 2.01978
21.904 0.531879 2.00867
21.9308 0.53178 2.00861
21.9576 0.531691 2.00856
21.9846 0.531619 2.0085
22.0117 0.53157 2.00846
22.039 0.53155 2.00842
22.0665 0.531563 2.00839
22.0943 0.531614 2.00838
22.1225 0.531704 2.00837
22.151 0.531837 2.00838
22.1799 0.532013 2.00839
22.2093 0.532235 2.00843
22.2392 0.532501 2.00847
22.2696 0.532811 2.00853
22.3005 0.533163 2.0086
22.3321 0.533555 2.00869
22.3642 0.533983 2.00879
22.397 0.534444 2.00891
22.4304 0.534933 2.00903
22.4644 0.535445 2.00918
22.4992 0.535975 2.00933
22.5346 0.536515 2.0095
22.5707 0.537059 2.00969
22.6074 0.5376 2.00988
22.6449 0.538131 2.01009
22.683 0.538644 2.01032
22.7217 0.539132 2.01055
22.761 0.539586 2.0108
22.801 0.54 2.01107
22.8414 0.540366 2.01134
22.8824 0.540677 2.01163
22.9238 0.540927 2.01193
22.9656 0.54111 2.01225
23.0077 0.541221 2.01258
23.0501 0.541256 2.01291
23.0927 0.541211 2.01327
23.1354 0.541085 2.01363
23.1781 0.540876 2.01401
23.2207 0.540585 2.01439
23.2631 0.540213 2.01479
23.3053 0.539763 2.0152
23.347 0.539239 2.01563
23.3883 0.538648 2.01606
23.429 0.537996 2.0165
23.469 0.537292 2.01695
23.5082 0.536545 2.01741
23.5465 0.535766 2.01788
23.5838 0.534966 2.01836
23.6201 0.534159 2.01885
23.6553 0.533356 2.01934
23.6892 0.53257 2.01984
23.7221 0.531813 2.02034
23.7537 0.531097 2.02085
23.7842 0.53043 2.02136
23.8136 0.529821 2.02186
23.842 0.529274 2.02237
23.8697 0.528789 2.02288
23.8968 0.528361 2.02338
23.9235 0.527981 2.02388
23.9073 0.530152 2.01244
23.941 0.530079 2.01235
23.9748 0.530019 2.01224
24.0088 0.529982 2.01208
24.0431 0.529973 2.01185
24.0778 0.529998 2.01153
24.1129 0.530058 2.0111
24.1487 0.530156 2.01052
24.185 0.53029 2.0098
24.2221 0.530459 2.0089
24.2599 0.53066 2.0078
24.2985 0.530886 2.00651
24.338 0.531132 2.00499
24.3784 0.531388 2.00325
24.4196 0.531646 2.00128
24.4618 0.531895 1.99907
24.5049 0.532124 1.99664
24.5488 0.53232 1.99398
24.5936 0.53247 1.9911
24.6392 0.532563 1.98803
24.6855 0.532584 1.98478
24.7324 0.532521 1.98138
24.7799 0.532364 1.97786
24.8277 0.5321 1.97426
24.8758 0.53172 1.97062
24.924 0.531217 1.967
24.9721 0.530585 1.96345
25.0198 0.529822 1.96003
25.067 0.528925 1.95681
25.1133 0.527898 1.95386
25.1586 0.526747 1.95125
25.2026 0.52548 1.94907
25.2449 0.524111 1.94739
25.2852 0.522654 1.9463
25.3234 0.521128 1.94589
25.359 0.519557 1.94623
25.3919 0.517965 1.9474
25.4217 0.516378 1.94948
25.4482 0.514825 1.95253
25.4713 0.513334 1.95659
25.4908 0.511932 1.96171
25.5067 0.510643 1.9679
25.519 0.509488 1.97515
25.528 0.508479 1.98344
25.5338 0.507622 1.99268
25.537 0.506906 2.00277
25.5383 0.506308 2.01356
25.5212 0.506104 2.00233
25.5082 0.506569 1.99214
25.5268 0.506285 1.99211
25.5456 0.506122 1.99275
25.5647 0.506175 1.99471
25.5842 0.506514 1.99857
25.6045 0.507182 2.00489
25.6256 0.508196 2.01415
25.6478 0.509544 2.02677
25.6711 0.511189 2.04306
25.6959 0.513069 2.06325
25.7224 0.515102 2.08742
25.7506 0.517192 2.11554
25.7809 0.519234 2.14739
25.8134 0.521122 2.18259
25.8483 0.522758 2.22061
25.8857 0.524063 2.26069
25.9257 0.524979 2.30191
25.9683 0.525486 2.3432
26.0135 0.525604 2.38334
26.0612 0.525393 2.42104
26.1113 0.52496 2.45497
26.1635 0.524447 2.48393
26.2177 0.524019 2.50691
26.2735 0.523839 2.52331
26.331 0.524036 2.53313
26.39 0.524654 2.53726
26.374 0.523589 2.52512
26.4004 0.5235 2.5251
26.4268 0.523423 2.52509
26.4534 0.523364 2.52508
26.48 0.523331 2.52507
26.5069 0.52333 2.52506
26.534 0.523367 2.52506
26.5615 0.523445 2.52507
26.5892 0.52357 2.52508
26.6173 0.523742 2.5251
26.6458 0.523965 2.52512
26.6747 0.52424 2.52514
26.7042 0.524566 2.52516
26.7341 0.524943 2.52519
26.7646 0.52537 2.52522
26.7957 0.525843 2.52525
26.8274 0.526359 2.52527
26.8596 0.526914 2.5253
26.8926 0.527504 2.52532
26.9262 0.528122 2.52533
26.9604 0.528762 2.52535
26.9954 0.529418 2.52535
27.031 0.530081 2.52535
27.0673 0.530744 2.52535
27.1043 0.531397 2.52533
27.142 0.532034 2.52531
27.1803 0.532645 2.52528
27.2192 0.533221 2.52525
27.2587 0.533754 2.5252
27.2988 0.534235 2.52515
27.3395 0.534655 2.52509
27.3806 0.535008 2.52502
27.4222 0.535286 2.52495
27.4641 0.535484 2.52488
27.5064 0.535594 2.5248
27.5489 0.535614 2.52472
27.5915 0.53554 2.52463
27.6343 0.53537 2.52456
27.677 0.535103 2.52448
27.7196 0.53474 2.52441
27.762 0.534283 2.52435
27.8041 0.533736 2.52429
27.8458 0.533105 2.52425
27.887 0.532396 2.52423
27.9276 0.531618 2.52422
27.9675 0.530781 2.52423
28.0065 0.529897 2.52427
28.0446 0.528977 2.52432
28.0817 0.528036 2.52441
28.1178 0.527088 2.52452
28.1527 0.526146 2.52467
28.1864 0.525227 2.52484
28.2189 0.524342 2.52505
28.2502 0.523505 2.52529
28.2804 0.522728 2.52556
28.3095 0.522017 2.52585
28.3376 0.521378 2.52618
28.3649 0.520812 2.52652
28.3916 0.520312 2.52689
28.4179 0.519866 2.52726
28.401 0.519184 2.51404
28.4278 0.519101 2.51402
28.4547 0.519031 2.514
28.4816 0.518981 2.51399
28.5088 0.518961 2.51399
28.5361 0.518975 2.51399
28.5636 0.519032 2.51401
28.5915 0.519134 2.51405
28.6196 0.519288 2.5141
28.6482 0.519494 2.51417
28.6771 0.519756 2.51426
28.7065 0.520075 2.51436
28.7363 0.520449 2.51449
28.7667 0.520879 2.51463
28.7976 0.521362 2.51479
28.8291 0.521894 2.51497
28.8612 0.522472 2.51517
28.8939 0.523091 2.51539
28.9273 0.523745 2.51563
28.9613 0.524426 2.51588
28.9959 0.525128 2.51615
29.0313 0.525842 2.51643
29.0673 0.52656 2.51673
29.1039 0.527272 2.51704
29.1413 0.527969 2.51737
29.1793 0.528641 2.51771
29.218 0.529278 2.51806
29.2572 0.52987 2.51842
29.2971 0.530408 2.51879
29.3375 0.530882 2.51917
29.3784 0.531283 2.51956
29.4197 0.531603 2.51996
29.4615 0.531835 2.52036
29.5036 0.531972 2.52077
29.546 0.532008 2.52118
29.5886 0.531941 2.5216
29.6313 0.531766 2.52202
29.6741 0.531484 2.52245
29.7168 0.531093 2.52287
29.7593 0.530598 2.5233
29.8015 0.530001 2.52373
29.8434 0.529309 2.52416
29.8849 0.528529 2.52459
29.9257 0.527671 2.52501
29.9659 0.526746 2.52544
30.0052 0.525767 2.52587
30.0437 0.524748 2.52629
30.0812 0.523704 2.52671
30.1177 0.522652 2.52713
30.153 0.521609 2.52754
30.1872 0.52059 2.52795
30.2201 0.519612 2.52836
30.2519 0.51869 2.52876
30.2825 0.517837 2.52916
30.312 0.517061 2.52956
30.3405 0.516369 2.52995
30.3682 0.51576 2.53033
30.3953 0.515229 2.53071
30.4221 0.514761 2.53107
30.4044 0.513904 2.51696
30.4312 0.513833 2.51694
30.4581 0.513774 2.51692
30.485 0.513738 2.51691
30.5121 0.513733 2.51691
30.5394 0.513765 2.51692
30.567 0.513841 2.51694
30.5948 0.513967 2.51698
30.6229 0.514146 2.51704
30.6514 0.514382 2.51712
30.6804 0.514676 2.51721
30.7097 0.515031 2.51732
30.7395 0.515445 2.51746
30.7699 0.515918 2.51761
30.8007 0.516446 2.51778
30.8322 0.517028 2.51797
30.8642 0.517657 2.51818
30.8968 0.51833 2.51841
30.9301 0.519039 2.51865
30.9641 0.519777 2.51892
30.9986 0.520537 2.51919
31.0339 0.521308 2.51949
31.0698 0.522084 2.5198
31.1064 0.522852 2.52012
31.1437 0.523604 2.52046
31.1816 0.524328 2.52081
31.2202 0.525014 2.52116
31.2593 0.525651 2.52153
31.2991 0.52623 2.52191
31.3394 0.52674 2.52229
31.3802 0.527171 2.52269
31.4215 0.527515 2.52309
31.4632 0.527764 2.52349
31.5052 0.527911 2.5239
31.5476 0.527951 2.52431
31.5901 0.527878 2.52472
31.6327 0.527691 2.52514
31.6754 0.527388 2.52556
31.7181 0.52697 2.52597
31.7605 0.52644 2.52639
31.8028 0.525801 2.52681
31.8446 0.52506 2.52722
31.886 0.524226 2.52764
31.9269 0.523309 2.52805
31.967 0.522321 2.52846
32.0064 0.521276 2.52886
32.0449 0.520189 2.52926
32.0824 0.519076 2.52966
32.1189 0.517956 2.53006
32.1542 0.516846 2.53045
32.1884 0.515764 2.53084
32.2214 0.514728 2.53123
32.2532 0.513752 2.53161
32.2838 0.51285 2.53199
32.3133 0.512034 2.53237
32.3418 0.511307 2.53274
32.3696 0.510672 2.5331
32.3967 0.51012 2.53346
32.4234 0.509637 2.5338
32.4097 0.506373 2.5223
32.4435 0.506279 2.52244
32.4774 0.506206 2.5226
32.5115 0.506174 2.52283
32.5458 0.506196 2.52314
32.5805 0.506287 2.52357
32.6157 0.506454 2.52413
32.6513 0.506707 2.52484
32.6876 0.507049 2.52573
32.7245 0.507482 2.5268
32.762 0.508007 2.52807
32.8004 0.508619 2.52955
32.8395 0.509312 2.53124
32.8794 0.510079 2.53315
32.9201 0.510908 2.53527
32.9617 0.511787 2.53762
33.0041 0.5127 2.54017
33.0473 0.513632 2.54292
33.0913 0.514564 2.54586
33.1361 0.515478 2.54896
33.1815 0.516353 2.55221
33.2275 0.517172 2.55557
33.274 0.517913 2.55902
33.3209 0.518558 2.56251
33.368 0.519091 2.56601
33.4152 0.519494 2.56947
33.4623 0.519756 2.57283
33.5091 0.519864 2.57605
33.5554 0.519811 2.57906
33.601 0.519594 2.58179
33.6455 0.519212 2.58418
33.6887 0.518671 2.58616
33.7304 0.517978 2.58765
33.7703 0.517147 2.58858
33.808 0.516197 2.58888
33.8433 0.515151 2.58847
33.8759 0.514034 2.58729
33.9055 0.512876 2.58527
33.9319 0.511711 2.58235
33.955 0.510573 2.5785
33.9746 0.509494 2.57367
33.9907 0.508507 2.56785
34.0033 0.507639 2.56105
34.0125 0.506911 2.5533
34.0186 0.506333 2.54465
34.0221 0.505901 2.5352
34.0237 0.505594 2.52509
34.0151 0.501499 2.5139
34.0009 0.500744 2.50019
34.036 0.500728 2.5002
34.0723 0.50126 2.49767
34.1105 0.502531 2.49014
34.1514 0.504373 2.47539
34.1956 0.506298 2.45168
34.2431 0.507593 2.41802
34.2935 0.50748 2.37438
34.3456 0.505338 2.322
34.3973 0.500942 2.26342
34.4452 0.494675 2.20247
34.4852 0.487618 2.14382
34.5135 0.481379 2.09197
34.5276 0.477517 2.04955
34.5186 0.470335 2.03885
34.5062 0.469604 2.0259
34.5309 0.444447 2.02619
34.5559 0.419201 2.02515
34.5815 0.393716 2.02152
34.6079 0.367794 2.0141
34.6353 0.341207 2.00183
34.6639 0.313718 1.98386
34.6938 0.285114 1.95957
34.725 0.255247 1.9287
34.7575 0.22408 1.89136
34.791 0.191743 1.84816
34.8251 0.158576 1.80017
34.8593 0.125174 1.74902
34.8927 0.0924062 1.69685
34.9242 0.0614066 1.64622
34.9526 0.0335093 1.59997
34.9764 0.0101193 1.56094
34.9945 -0.00751247 1.53154
35.0061 -0.0186369 1.51315
35.0116 -0.0235086 1.50532
34.9973 -0.0272285 1.49138
