-0.00103997 -0.00746113 0.989937
-0.00137622 -0.00772512 0.990074
-0.00111438 -0.00785285 0.990191
0.000338626 -0.00771775 0.990278
0.00355901 -0.00720006 0.990324
0.00909878 -0.00618878 0.990324
0.0174772 -0.00458407 0.990272
0.0291709 -0.00230005 0.990166
0.0446038 0.000731966 0.990005
0.0641346 0.00455988 0.989793
0.0880455 0.00920703 0.989532
0.116529 0.0146683 0.98923
0.149678 0.0209065 0.988893
0.187473 0.0278489 0.988532
0.229776 0.0353851 0.988159
0.276322 0.0433656 0.987787
0.326726 0.0516025 0.987427
0.380482 0.0598722 0.987096
0.436982 0.0679223 0.986805
0.49554 0.0754806 0.986566
0.555429 0.082271 0.986389
0.615938 0.0880342 0.98628
0.676442 0.0925556 0.986242
0.736496 0.0957023 0.986274
0.795961 0.09747 0.986366
0.855147 0.0980406 0.986506
0.847098 0.0928992 0.978975
0.873227 0.0928013 0.978987
0.899407 0.0927015 0.978997
0.925688 0.092597 0.979005
0.952121 0.0924847 0.979012
0.978755 0.0923619 0.979016
1.00564 0.0922254 0.979019
1.03281 0.0920726 0.979021
1.06032 0.0919005 0.979021
1.08822 0.0917064 0.979021
1.11653 0.0914876 0.97902
1.14531 0.0912417 0.979019
1.17458 0.0909661 0.979018
1.20439 0.0906586 0.979019
1.23476 0.0903171 0.979022
1.26573 0.0899395 0.979027
1.29731 0.0895243 0.979036
1.32953 0.0890697 0.97905
1.36241 0.0885746 0.979069
1.39596 0.0880379 0.979095
1.43019 0.0874589 0.979128
1.46512 0.086837 0.97917
1.50074 0.0861721 0.979222
1.53705 0.0854643 0.979285
1.57404 0.0847141 0.97936
1.61169 0.0839225 0.979448
1.65 0.0830905 0.979551
1.68893 0.0822198 0.979669
1.72845 0.0813123 0.979804
1.76854 0.0803705 0.979956
1.80914 0.079397 0.980127
1.85021 0.0783951 0.980316
1.89169 0.0773683 0.980525
1.93353 0.0763205 0.980754
1.97566 0.0752562 0.981003
2.01801 0.0741801 0.981273
2.06051 0.0730972 0.981562
2.10306 0.072013 0.981871
2.14559 0.0709332 0.982199
2.18801 0.0698638 0.982545
2.23022 0.0688111 0.982908
2.27212 0.0677815 0.983287
2.31362 0.0667817 0.983679
2.35462 0.0658181 0.984084
2.39502 0.0648975 0.984497
2.43473 0.0640265 0.984918
2.47366 0.0632113 0.985344
2.51171 0.062458 0.985771
2.54881 0.0617723 0.986197
2.58488 0.0611593 0.986619
2.61987 0.0606234 0.987032
2.65374 0.0601682 0.987436
2.68645 0.0597961 0.987826
2.71801 0.0595085 0.9882
2.74842 0.0593051 0.988555
2.77775 0.0591842 0.98889
2.80606 0.0591418 0.989204
2.83347 0.059172 0.989496
2.86015 0.059266 0.989767
2.8863 0.0594126 0.990019
2.91217 0.0595968 0.990256
2.9065 0.0548045 0.984967
2.93341 0.0546396 0.984942
2.96037 0.0544789 0.984915
2.98743 0.0543249 0.984888
3.01463 0.05418 0.984859
3.04203 0.0540465 0.984829
3.06968 0.0539265 0.984797
3.09761 0.0538218 0.984763
3.12587 0.0537342 0.984728
3.15451 0.0536653 0.984691
3.18355 0.0536166 0.984652
3.21305 0.0535892 0.984612
3.24303 0.0535842 0.984571
3.27353 0.0536027 0.98453
3.30458 0.0536453 0.984489
3.3362 0.0537127 0.984449
3.36842 0.0538052 0.98441
3.40125 0.0539232 0.984374
3.43472 0.0540666 0.984341
3.46883 0.0542353 0.984313
3.50359 0.0544292 0.98429
3.53901 0.0546478 0.984274
3.57508 0.0548904 0.984266
3.6118 0.0551563 0.984267
3.64916 0.0554445 0.984278
3.68713 0.0557539 0.984302
3.7257 0.0560834 0.984338
3.76483 0.0564313 0.984389
3.8045 0.0567963 0.984456
3.84465 0.0571765 0.98454
3.88524 0.0575703 0.984641
3.92623 0.0579756 0.984762
3.96755 0.0583904 0.984903
4.00913 0.0588125 0.985064
4.0509 0.0592398 0.985248
4.0928 0.0596699 0.985453
4.13473 0.0601006 0.98568
4.17661 0.0605295 0.98593
4.21836 0.0609543 0.986202
4.25987 0.0613725 0.986496
4.30106 0.0617819 0.986811
4.34182 0.0621803 0.987146
4.38206 0.0625656 0.987501
4.42169 0.0629356 0.987873
4.46061 0.0632886 0.988262
4.49873 0.0636227 0.988665
4.53597 0.0639366 0.98908
4.57226 0.064229 0.989505
4.60754 0.0644988 0.989938
4.64174 0.0647453 0.990376
4.67486 0.0649682 0.990816
4.70687 0.0651676 0.991256
4.73779 0.0653438 0.991693
4.76766 0.0654976 0.992125
4.79655 0.0656304 0.992551
4.82458 0.0657439 0.992967
4.8519 0.0658405 0.993375
4.87872 0.065923 0.993772
4.90529 0.0659949 0.994161
4.90308 0.0607282 0.993177
4.93708 0.0605811 0.993284
4.97118 0.0604367 0.993303
5.00548 0.060296 0.993147
5.04006 0.0601594 0.992731
5.075 0.0600271 0.991976
5.1104 0.0598988 0.990806
5.14632 0.0597743 0.98915
5.18284 0.0596528 0.98694
5.22001 0.0595337 0.984118
5.25789 0.059416 0.980631
5.29652 0.0592987 0.976433
5.33594 0.0591807 0.971488
5.37617 0.0590609 0.965768
5.41723 0.0589381 0.959259
5.4591 0.0588113 0.951953
5.50178 0.0586792 0.943859
5.54525 0.0585407 0.934997
5.58944 0.0583949 0.925401
5.63431 0.0582406 0.915122
5.67978 0.0580768 0.904225
5.72576 0.0579027 0.892792
5.77212 0.0577174 0.880923
5.81874 0.0575201 0.868735
5.86546 0.05731 0.856364
5.91213 0.0570864 0.843963
5.95855 0.0568485 0.831703
6.00451 0.0565957 0.819772
6.0498 0.0563273 0.808376
6.09418 0.0560428 0.797735
6.13741 0.0557414 0.788081
6.17923 0.0554227 0.779661
6.21937 0.0550858 0.772727
6.25756 0.0547303 0.767536
6.29356 0.0543556 0.764348
6.3271 0.0539612 0.763415
6.35794 0.0535466 0.764979
6.38586 0.0531114 0.769267
6.4107 0.0526553 0.776476
6.43231 0.0521783 0.78677
6.4506 0.0516807 0.800266
6.46556 0.0511628 0.817023
6.47726 0.0506256 0.837028
6.48587 0.0500706 0.860179
6.49168 0.0494998 0.886273
6.49513 0.0489161 0.914979
6.49681 0.0483234 0.945822
6.49315 0.0481989 0.942712
6.4871 0.0498849 0.942928
6.50536 0.0495734 0.943392
6.52377 0.0492911 0.945479
6.54247 0.0490526 0.950763
6.56159 0.0488603 0.960739
6.5813 0.0487051 0.976802
6.60172 0.0485685 1.00021
6.62303 0.0484238 1.03208
6.64536 0.0482388 1.07329
6.66888 0.0479775 1.12452
6.69375 0.0476032 1.18614
6.72011 0.0470813 1.25821
6.74812 0.0463818 1.34042
6.77792 0.0454829 1.43204
6.80965 0.0443733 1.53192
6.84342 0.0430547 1.63846
6.87933 0.0415442 1.7496
6.91744 0.0398753 1.86284
6.9578 0.0380983 1.97529
7.00042 0.0362793 2.08377
7.04527 0.0344979 2.18493
7.09229 0.0328422 2.27544
7.14141 0.0314025 2.35225
7.19253 0.0302606 2.41295
7.24558 0.0294773 2.45614
7.30047 0.029075 2.48204
7.35723 0.0290155 2.49315
7.34497 0.0256583 2.48772
7.37103 0.0255069 2.48779
7.39714 0.0253643 2.48786
7.42335 0.0252375 2.48793
7.44971 0.025133 2.488
7.47626 0.0250574 2.48807
7.50305 0.0250164 2.48814
7.53012 0.0250157 2.4882
7.55753 0.0250606 2.48827
7.5853 0.0251559 2.48834
7.61348 0.0253061 2.48841
7.64211 0.0255153 2.48847
7.67122 0.0257871 2.48853
7.70084 0.0261247 2.4886
7.73101 0.0265308 2.48865
7.76176 0.0270079 2.48871
7.7931 0.0275576 2.48877
7.82506 0.0281814 2.48882
7.85767 0.02888 2.48887
7.89092 0.0296537 2.48892
7.92484 0.0305023 2.48897
7.95942 0.0314251 2.48902
7.99468 0.0324207 2.48906
8.03061 0.0334873 2.48911
8.06719 0.0346226 2.48915
8.10443 0.0358236 2.48919
8.1423 0.0370867 2.48924
8.18078 0.0384081 2.48928
8.21985 0.0397831 2.48933
8.25945 0.0412067 2.48937
8.29957 0.0426733 2.48942
8.34014 0.0441769 2.48947
8.38113 0.0457109 2.48953
8.42247 0.0472685 2.48959
8.46409 0.0488422 2.48965
8.50594 0.0504244 2.48972
8.54794 0.0520071 2.4898
8.59001 0.053582 2.48988
8.63206 0.0551407 2.48997
8.67401 0.0566745 2.49007
8.71576 0.0581748 2.49017
8.75723 0.0596329 2.49029
8.79832 0.0610402 2.49041
8.83894 0.0623882 2.49055
8.87897 0.063669 2.49069
8.91835 0.0648746 2.49084
8.95696 0.0659978 2.491
8.99473 0.067032 2.49117
9.03158 0.0679714 2.49135
9.06743 0.0688109 2.49154
9.10224 0.0695467 2.49174
9.13595 0.070176 2.49194
9.16853 0.0706975 2.49215
9.19999 0.0711116 2.49236
9.23034 0.0714202 2.49258
9.25961 0.0716273 2.49281
9.2879 0.0717391 2.49303
9.31532 0.0717643 2.49325
9.34201 0.071714 2.49348
9.36819 0.0716025 2.4937
9.3941 0.0714471 2.49392
9.381 0.0695455 2.48801
9.40746 0.069402 2.48801
9.43397 0.0692634 2.48801
9.46057 0.0691324 2.48802
9.48733 0.0690115 2.48803
9.51427 0.0689029 2.48804
9.54146 0.0688084 2.48805
9.56893 0.0687295 2.48808
9.59672 0.0686673 2.4881
9.62488 0.0686227 2.48813
9.65345 0.0685962 2.48817
9.68246 0.068588 2.48822
9.71194 0.0685979 2.48827
9.74194 0.0686255 2.48833
9.77248 0.06867 2.48839
9.80359 0.0687305 2.48847
9.83528 0.0688056 2.48855
9.86759 0.0688936 2.48864
9.90053 0.0689928 2.48873
9.93411 0.069101 2.48884
9.96835 0.0692159 2.48896
10.0032 0.0693351 2.48909
10.0388 0.0694559 2.48922
10.075 0.0695755 2.48937
10.1118 0.0696911 2.48953
10.1493 0.0697996 2.4897
10.1874 0.0698981 2.48988
10.2261 0.0699836 2.49007
10.2653 0.0700532 2.49028
10.3051 0.070104 2.49049
10.3454 0.0701333 2.49073
10.386 0.0701386 2.49097
10.4271 0.0701176 2.49123
10.4684 0.0700681 2.4915
10.5101 0.0699884 2.49179
10.5519 0.0698771 2.49209
10.5938 0.0697332 2.4924
10.6357 0.069556 2.49273
10.6775 0.0693453 2.49307
10.7192 0.0691015 2.49343
10.7607 0.0688254 2.4938
10.8018 0.0685183 2.49418
10.8425 0.0681821 2.49457
10.8826 0.067819 2.49497
10.9221 0.0674321 2.49539
10.9609 0.0670245 2.49582
10.9989 0.0666001 2.49625
11.036 0.066163 2.49669
11.0721 0.0657177 2.49714
11.1072 0.0652689 2.49759
11.1412 0.0648215 2.49805
11.1741 0.0643801 2.49851
11.2059 0.0639494 2.49897
11.2365 0.0635335 2.49943
11.2661 0.0631362 2.49988
11.2948 0.06276 2.50034
11.3225 0.0624068 2.50078
11.3496 0.0620767 2.50122
11.3761 0.061768 2.50166
11.4023 0.0614769 2.50208
11.3881 0.0598191 2.49573
11.415 0.0596726 2.49572
11.4419 0.0595331 2.49571
11.4689 0.0594047 2.49571
11.4961 0.0592911 2.4957
11.5235 0.0591957 2.4957
11.5511 0.0591212 2.4957
11.579 0.0590701 2.4957
11.6073 0.0590446 2.49571
11.6359 0.059046 2.49572
11.6649 0.0590757 2.49573
11.6945 0.0591341 2.49574
11.7245 0.0592218 2.49576
11.755 0.0593383 2.49578
11.7861 0.0594832 2.4958
11.8178 0.0596553 2.49583
11.8501 0.0598532 2.49585
11.883 0.0600751 2.49588
11.9166 0.0603188 2.49591
11.9508 0.0605816 2.49595
11.9857 0.0608607 2.49598
12.0213 0.0611528 2.49602
12.0576 0.0614545 2.49606
12.0945 0.0617621 2.49611
12.1321 0.0620716 2.49616
12.1703 0.0623792 2.49621
12.2092 0.0626805 2.49627
12.2486 0.0629714 2.49634
12.2887 0.0632477 2.49641
12.3292 0.0635054 2.49648
12.3702 0.0637404 2.49657
12.4116 0.0639489 2.49666
12.4534 0.0641272 2.49676
12.4955 0.0642722 2.49688
12.5378 0.0643809 2.497
12.5802 0.0644507 2.49713
12.6228 0.0644796 2.49728
12.6653 0.0644661 2.49744
12.7076 0.0644092 2.49761
12.7498 0.0643085 2.4978
12.7917 0.0641643 2.498
12.8331 0.0639775 2.49822
12.8741 0.0637497 2.49846
12.9144 0.0634834 2.49872
12.954 0.0631813 2.49899
12.9928 0.0628471 2.49928
13.0307 0.062485 2.49959
13.0676 0.0620998 2.49992
13.1035 0.0616964 2.50027
13.1383 0.0612805 2.50063
13.172 0.0608576 2.50101
13.2045 0.0604335 2.5014
13.2359 0.0600135 2.50181
13.2661 0.0596025 2.50223
13.2954 0.0592049 2.50267
13.3237 0.0588239 2.50311
13.3512 0.058461 2.50355
13.3783 0.0581164 2.504
13.405 0.0577873 2.50444
13.3903 0.0564239 2.4975
13.4172 0.0562843 2.49748
13.4441 0.0561521 2.49746
13.4711 0.0560319 2.49744
13.4982 0.0559276 2.49743
13.5256 0.0558427 2.49742
13.5532 0.0557804 2.49741
13.5811 0.0557432 2.49741
13.6093 0.0557332 2.49741
13.6379 0.0557519 2.49742
13.667 0.0558004 2.49743
13.6964 0.0558793 2.49745
13.7264 0.0559887 2.49747
13.7569 0.056128 2.4975
13.788 0.0562963 2.49754
13.8196 0.0564924 2.49758
13.8519 0.0567141 2.49762
13.8848 0.0569593 2.49767
13.9183 0.0572252 2.49773
13.9525 0.0575086 2.49779
13.9874 0.057806 2.49786
14.0229 0.0581136 2.49793
14.0591 0.0584273 2.49801
14.096 0.0587426 2.4981
14.1336 0.0590551 2.49819
14.1718 0.0593599 2.49828
14.2106 0.0596525 2.49839
14.25 0.0599279 2.4985
14.29 0.0601814 2.49862
14.3305 0.0604085 2.49875
14.3715 0.0606046 2.49888
14.4129 0.0607656 2.49903
14.4547 0.0608876 2.49919
14.4967 0.0609672 2.49935
14.539 0.0610013 2.49953
14.5815 0.0609877 2.49972
14.624 0.0609243 2.49992
14.6665 0.06081 2.50013
14.7089 0.0606444 2.50036
14.7511 0.0604277 2.50061
14.793 0.0601611 2.50086
14.8345 0.0598463 2.50113
14.8755 0.0594862 2.50142
14.9159 0.0590842 2.50173
14.9556 0.0586447 2.50205
14.9944 0.0581727 2.50238
15.0324 0.0576741 2.50273
15.0694 0.057155 2.5031
15.1054 0.0566223 2.50348
15.1402 0.0560831 2.50388
15.1739 0.0555444 2.50429
15.2065 0.0550133 2.50472
15.2379 0.0544965 2.50516
15.2682 0.0539998 2.5056
15.2975 0.053528 2.50606
15.3259 0.0530843 2.50652
15.3535 0.0526698 2.50698
15.3805 0.0522833 2.50744
15.4073 0.05192 2.5079
15.3919 0.0503114 2.50006
15.4188 0.0501805 2.50004
15.4457 0.0500579 2.50002
15.4726 0.0499486 2.50001
15.4998 0.0498575 2.5
15.5271 0.0497885 2.49999
15.5547 0.0497454 2.49999
15.5826 0.0497312 2.49999
15.6108 0.0497482 2.5
15.6394 0.0497985 2.50001
15.6684 0.0498833 2.50004
15.6979 0.0500033 2.50006
15.7278 0.0501587 2.5001
15.7583 0.0503491 2.50014
15.7893 0.0505735 2.50018
15.821 0.0508303 2.50024
15.8532 0.0511173 2.50029
15.886 0.0514321 2.50036
15.9195 0.0517714 2.50043
15.9537 0.0521316 2.5005
15.9885 0.0525088 2.50058
16.024 0.0528985 2.50067
16.0602 0.053296 2.50076
16.0971 0.0536963 2.50086
16.1346 0.054094 2.50097
16.1727 0.0544838 2.50108
16.2115 0.0548601 2.50119
16.2509 0.0552173 2.50132
16.2908 0.05555 2.50144
16.3313 0.0558527 2.50158
16.3722 0.0561203 2.50173
16.4136 0.0563479 2.50188
16.4554 0.0565309 2.50204
16.4974 0.0566653 2.50221
16.5397 0.0567477 2.50239
16.5822 0.056775 2.50257
16.6247 0.0567451 2.50277
16.6673 0.0566566 2.50299
16.7097 0.0565088 2.50321
16.7519 0.056302 2.50344
16.7938 0.0560373 2.50369
16.8354 0.055717 2.50395
16.8764 0.0553441 2.50423
16.9168 0.0549226 2.50452
16.9565 0.0544575 2.50483
16.9955 0.0539546 2.50515
17.0335 0.0534205 2.50548
17.0705 0.0528625 2.50583
17.1066 0.0522885 2.5062
17.1415 0.0517065 2.50658
17.1753 0.051125 2.50697
17.2079 0.050552 2.50738
17.2393 0.0499951 2.50779
17.2697 0.0494613 2.50822
17.299 0.0489561 2.50866
17.3274 0.0484831 2.5091
17.355 0.048044 2.50954
17.3821 0.047637 2.50999
17.4088 0.0472567 2.51043
17.3931 0.0454615 2.50164
17.4199 0.0453394 2.50162
17.4468 0.045226 2.50161
17.4738 0.045127 2.5016
17.5009 0.0450473 2.50159
17.5282 0.0449915 2.50159
17.5558 0.0449635 2.50159
17.5837 0.0449664 2.50161
17.6119 0.045003 2.50163
17.6405 0.0450752 2.50165
17.6695 0.0451844 2.50169
17.6989 0.0453312 2.50173
17.7288 0.0455157 2.50178
17.7593 0.0457373 2.50184
17.7903 0.0459948 2.50191
17.8218 0.0462862 2.50199
17.854 0.0466092 2.50207
17.8868 0.0469607 2.50216
17.9203 0.047337 2.50226
17.9544 0.0477342 2.50237
17.9892 0.0481475 2.50249
18.0246 0.0485721 2.50261
18.0607 0.0490025 2.50274
18.0975 0.049433 2.50287
18.135 0.0498578 2.50302
18.1731 0.0502708 2.50317
18.2118 0.0506658 2.50332
18.2511 0.0510365 2.50349
18.291 0.051377 2.50366
18.3314 0.0516812 2.50383
18.3723 0.0519436 2.50402
18.4136 0.0521587 2.50421
18.4553 0.0523219 2.50441
18.4973 0.0524287 2.50462
18.5396 0.0524755 2.50483
18.582 0.0524594 2.50506
18.6245 0.0523782 2.50529
18.6671 0.0522309 2.50553
18.7095 0.0520171 2.50578
18.7517 0.0517377 2.50605
18.7936 0.0513944 2.50632
18.8352 0.0509903 2.5066
18.8762 0.0505293 2.50689
18.9166 0.0500165 2.5072
18.9564 0.0494582 2.50751
18.9953 0.0488614 2.50784
19.0334 0.0482343 2.50818
19.0705 0.0475854 2.50852
19.1066 0.0469242 2.50888
19.1415 0.0462602 2.50925
19.1753 0.0456032 2.50963
19.208 0.0449626 2.51002
19.2395 0.0443472 2.51042
19.2699 0.0437647 2.51082
19.2992 0.0432211 2.51123
19.3276 0.0427203 2.51164
19.3553 0.0422632 2.51205
19.3824 0.0418472 2.51246
19.4091 0.0414648 2.51286
19.3935 0.039543 2.50268
19.4203 0.0394286 2.50266
19.4472 0.0393232 2.50264
19.4742 0.0392329 2.50263
19.5014 0.0391632 2.50262
19.5287 0.0391188 2.50262
19.5563 0.0391038 2.50262
19.5842 0.0391217 2.50264
19.6124 0.0391752 2.50266
19.6409 0.0392664 2.5027
19.6699 0.0393966 2.50274
19.6993 0.0395665 2.5028
19.7293 0.0397759 2.50287
19.7597 0.040024 2.50295
19.7906 0.0403094 2.50303
19.8222 0.0406299 2.50313
19.8543 0.0409826 2.50325
19.8871 0.0413641 2.50337
19.9205 0.0417702 2.5035
19.9545 0.0421964 2.50364
19.9892 0.0426375 2.50379
20.0246 0.0430879 2.50395
20.0606 0.0435416 2.50412
20.0973 0.0439924 2.5043
20.1346 0.0444336 2.50449
20.1726 0.0448586 2.50469
20.2113 0.0452605 2.50489
20.2505 0.0456327 2.5051
20.2902 0.0459685 2.50532
20.3305 0.0462614 2.50555
20.3713 0.0465054 2.50579
20.4126 0.0466948 2.50603
20.4542 0.0468245 2.50628
20.4961 0.0468901 2.50653
20.5382 0.0468878 2.50679
20.5806 0.0468149 2.50706
20.623 0.0466694 2.50733
20.6654 0.0464505 2.50762
20.7077 0.0461584 2.5079
20.7499 0.0457945 2.5082
20.7918 0.0453615 2.5085
20.8333 0.0448633 2.5088
20.8742 0.0443049 2.50911
20.9147 0.0436927 2.50943
20.9544 0.0430341 2.50975
20.9933 0.0423378 2.51008
21.0313 0.0416133 2.51041
21.0684 0.0408709 2.51075
21.1045 0.0401214 2.51109
21.1395 0.039376 2.51144
21.1733 0.0386459 2.51179
21.206 0.0379419 2.51214
21.2375 0.0372738 2.51249
21.2679 0.0366502 2.51284
21.2972 0.0360774 2.51319
21.3257 0.0355594 2.51354
21.3533 0.0350964 2.51388
21.3804 0.0346844 2.51422
21.4072 0.0343139 2.51454
21.3964 0.0331624 2.50598
21.4302 0.0330425 2.50603
21.464 0.0329651 2.50607
21.4981 0.0329676 2.50612
21.5323 0.0330847 2.50618
21.5669 0.0333485 2.50624
21.6017 0.033788 2.50631
21.637 0.034429 2.50638
21.6727 0.035294 2.50646
21.7089 0.0364015 2.50653
21.7457 0.0377665 2.50661
21.783 0.0393997 2.50669
21.8209 0.0413073 2.50675
21.8595 0.0434913 2.50682
21.8987 0.0459486 2.50687
21.9385 0.0486716 2.50691
21.979 0.0516473 2.50694
22.0201 0.0548576 2.50696
22.0617 0.0582794 2.50696
22.104 0.061884 2.50694
22.1467 0.0656375 2.5069
22.1899 0.0695008 2.50685
22.2335 0.0734297 2.50678
22.2773 0.0773749 2.50669
22.3213 0.0812826 2.50659
22.3654 0.0850943 2.50647
22.4094 0.0887477 2.50634
22.4531 0.0921768 2.5062
22.4964 0.0953129 2.50605
22.5392 0.0980849 2.5059
22.5812 0.10042 2.50575
22.6222 0.102245 2.50559
22.6621 0.103488 2.50545
22.7006 0.104077 2.50532
22.7375 0.103944 2.5052
22.7727 0.103026 2.5051
22.8058 0.101265 2.50503
22.8368 0.0986116 2.50498
22.8655 0.095025 2.50497
22.8918 0.0904776 2.50499
22.9155 0.0849557 2.50505
22.9368 0.0784622 2.50515
22.9555 0.0710199 2.50529
22.9719 0.0626742 2.50546
22.9862 0.0534961 2.50566
22.9987 0.0435861 2.50589
23.01 0.0330778 2.50614
22.9983 0.0313157 2.49627
23.0216 0.00716582 2.49623
23.045 -0.0171547 2.49625
23.0685 -0.0418377 2.49636
23.0921 -0.067088 2.49659
23.1159 -0.0931117 2.49694
23.1401 -0.1201 2.4974
23.1645 -0.148208 2.49796
23.1894 -0.177527 2.49861
23.2148 -0.208056 2.49932
23.2407 -0.239669 2.50006
23.2672 -0.27208 2.50083
23.2943 -0.304817 2.50161
23.3219 -0.337211 2.50241
23.3499 -0.368388 2.50323
23.3779 -0.397311 2.5041
23.4057 -0.422836 2.50507
23.4328 -0.443842 2.50617
23.4589 -0.459413 2.50746
23.4838 -0.469118 2.50895
23.5076 -0.473385 2.51065
23.4963 -0.477271 2.50253
23.5313 -0.477241 2.50258
23.5665 -0.475578 2.50276
23.6023 -0.471076 2.50309
23.6388 -0.46306 2.50353
23.6762 -0.451488 2.504
23.7148 -0.437044 2.50441
23.7546 -0.421162 2.50468
23.7957 -0.405989 2.5048
23.8376 -0.394237 2.50484
23.8798 -0.388897 2.50495
23.921 -0.392788 2.50538
23.9601 -0.407902 2.5064
23.9964 -0.434516 2.50821
23.9827 -0.438438 2.49694
23.9995 -0.455881 2.49693
24.0164 -0.473405 2.49694
24.0336 -0.491102 2.497
24.0513 -0.509069 2.49712
24.0694 -0.527404 2.49731
24.0883 -0.546206 2.49759
24.1079 -0.56557 2.49795
24.1284 -0.585586 2.4984
24.15 -0.606327 2.49892
24.1727 -0.627853 2.49951
24.1968 -0.650196 2.50016
24.2222 -0.673356 2.50087
24.249 -0.697297 2.50162
24.2774 -0.721932 2.5024
24.3074 -0.747126 2.5032
24.3389 -0.77268 2.50402
24.372 -0.798338 2.50483
24.4065 -0.823776 2.50565
24.4424 -0.848613 2.50646
24.4796 -0.872412 2.50727
24.5178 -0.894698 2.50809
24.5568 -0.914978 2.50892
24.5963 -0.932772 2.50976
24.6362 -0.947653 2.51065
24.6761 -0.959307 2.51158
24.7161 -0.967601 2.51256
24.756 -0.972674 2.5136
24.7961 -0.975047 2.51469
24.7812 -0.978578 2.50359
24.8059 -0.978649 2.50357
24.8307 -0.9787 2.50356
24.8556 -0.978715 2.50356
24.8808 -0.978682 2.50358
24.9062 -0.97859 2.50361
24.9319 -0.978431 2.50367
24.9581 -0.978197 2.50375
24.9847 -0.977884 2.50386
25.0119 -0.977489 2.50399
25.0396 -0.977013 2.50415
25.068 -0.976457 2.50434
25.097 -0.975825 2.50456
25.1268 -0.975124 2.5048
25.1573 -0.974361 2.50507
25.1887 -0.973547 2.50536
25.2208 -0.972693 2.50568
25.2538 -0.971814 2.50602
25.2876 -0.970924 2.50638
25.3224 -0.970039 2.50676
25.358 -0.969176 2.50716
25.3944 -0.968351 2.50757
25.4317 -0.967584 2.50799
25.4698 -0.966891 2.50843
25.5087 -0.966288 2.50887
25.5483 -0.965791 2.50932
25.5886 -0.965416 2.50978
25.6295 -0.965173 2.51023
25.6709 -0.965074 2.51069
25.7127 -0.965126 2.51115
25.7549 -0.965334 2.51161
25.7972 -0.965699 2.51207
25.8397 -0.966219 2.51252
25.8821 -0.966888 2.51297
25.9243 -0.967696 2.51342
25.9662 -0.96863 2.51387
26.0076 -0.969672 2.51432
26.0485 -0.970801 2.51477
26.0886 -0.971994 2.51522
26.1279 -0.973225 2.51567
26.1663 -0.974466 2.51613
26.2036 -0.975688 2.51659
26.24 -0.976866 2.51706
26.2754 -0.977975 2.51753
26.3098 -0.978997 2.51801
26.3434 -0.97992 2.51849
26.3764 -0.980742 2.51898
26.4091 -0.981476 2.51947
26.3961 -0.984301 2.50737
26.423 -0.984357 2.50742
26.45 -0.984403 2.50746
26.477 -0.984432 2.50751
26.5042 -0.984438 2.50757
26.5317 -0.984414 2.50764
26.5593 -0.984357 2.50771
26.5872 -0.984261 2.5078
26.6154 -0.984125 2.50789
26.644 -0.983947 2.508
26.673 -0.983724 2.50813
26.7024 -0.983458 2.50826
26.7322 -0.983148 2.50841
26.7626 -0.982797 2.50857
26.7935 -0.982407 2.50874
26.8249 -0.981981 2.50892
26.8569 -0.981525 2.50911
26.8895 -0.981043 2.50931
26.9228 -0.980541 2.50952
26.9566 -0.980026 2.50974
26.9911 -0.979505 2.50996
27.0263 -0.978987 2.51019
27.0621 -0.978478 2.51042
27.0985 -0.977989 2.51066
27.1356 -0.977527 2.51089
27.1733 -0.977102 2.51113
27.2116 -0.976723 2.51137
27.2506 -0.976399 2.51161
27.29 -0.976137 2.51185
27.33 -0.975947 2.51209
27.3705 -0.975836 2.51232
27.4115 -0.97581 2.51254
27.4528 -0.975876 2.51277
27.4945 -0.976038 2.51299
27.5364 -0.9763 2.5132
27.5785 -0.976664 2.51341
27.6207 -0.977131 2.51361
27.6629 -0.977699 2.5138
27.705 -0.978368 2.51399
27.747 -0.979132 2.51417
27.7888 -0.979986 2.51435
27.8302 -0.980922 2.51452
27.8711 -0.981931 2.51468
27.9115 -0.983 2.51485
27.9512 -0.984118 2.515
27.9901 -0.985269 2.51516
28.0282 -0.98644 2.51532
28.0653 -0.987612 2.51547
28.1015 -0.988769 2.51562
28.1365 -0.989893 2.51578
28.1704 -0.990968 2.51593
28.2032 -0.991978 2.51609
28.2349 -0.992908 2.51626
28.2654 -0.993747 2.51642
28.2949 -0.994486 2.51659
28.3234 -0.995121 2.51676
28.3512 -0.995656 2.51693
28.3784 -0.996099 2.51711
28.4053 -0.996469 2.51728
28.3916 -0.999564 2.50445
28.4185 -0.999614 2.50449
28.4455 -0.999651 2.50454
28.4726 -0.999669 2.5046
28.4998 -0.999658 2.50466
28.5272 -0.999611 2.50474
28.5548 -0.999523 2.50483
28.5827 -0.999388 2.50493
28.6109 -0.999201 2.50506
28.6395 -0.998961 2.50519
28.6685 -0.998664 2.50535
28.6979 -0.99831 2.50553
28.7278 -0.997899 2.50572
28.7581 -0.997431 2.50594
28.789 -0.99691 2.50617
28.8205 -0.996337 2.50642
28.8526 -0.995717 2.50669
28.8852 -0.995055 2.50697
28.9185 -0.994357 2.50728
28.9524 -0.99363 2.5076
28.9869 -0.992881 2.50793
29.0221 -0.992119 2.50828
29.058 -0.991352 2.50864
29.0945 -0.99059 2.50901
29.1317 -0.989842 2.50939
29.1695 -0.989119 2.50978
29.2079 -0.98843 2.51017
29.247 -0.987785 2.51058
29.2866 -0.987194 2.51099
29.3267 -0.986667 2.5114
29.3674 -0.986212 2.51181
29.4085 -0.985838 2.51222
29.4499 -0.985553 2.51264
29.4918 -0.985363 2.51305
29.5338 -0.985273 2.51345
29.5761 -0.985287 2.51386
29.6185 -0.985409 2.51425
29.6609 -0.985638 2.51464
29.7033 -0.985975 2.51502
29.7455 -0.986417 2.51539
29.7875 -0.98696 2.51575
29.8291 -0.987598 2.5161
29.8702 -0.988322 2.51644
29.9108 -0.989123 2.51677
29.9507 -0.98999 2.51708
29.9898 -0.990909 2.51738
30.0281 -0.991865 2.51767
30.0655 -0.992843 2.51794
30.1018 -0.993826 2.5182
30.137 -0.994798 2.51845
30.171 -0.99574 2.51868
30.204 -0.996637 2.5189
30.2357 -0.997475 2.51911
30.2663 -0.998239 2.51931
30.2959 -0.998921 2.5195
30.3245 -0.999514 2.51968
30.3523 -1.00002 2.51985
30.3795 -1.00044 2.52
30.4064 -1.0008 2.52015
30.3898 -1.00364 2.50559
30.4167 -1.00368 2.50562
30.4436 -1.0037 2.50566
30.4706 -1.00369 2.5057
30.4978 -1.00366 2.50575
30.5252 -1.00359 2.50581
30.5528 -1.00347 2.5059
30.5807 -1.00331 2.50601
30.6089 -1.00309 2.50613
30.6375 -1.00281 2.50629
30.6664 -1.00247 2.50646
30.6959 -1.00207 2.50667
30.7258 -1.00161 2.5069
30.7562 -1.00109 2.50716
30.7872 -1.00051 2.50745
30.8187 -0.999871 2.50776
30.8508 -0.999186 2.50811
30.8836 -0.998456 2.50848
30.917 -0.997689 2.50888
30.951 -0.99689 2.5093
30.9857 -0.996068 2.50975
31.0211 -0.995232 2.51023
31.0571 -0.994392 2.51073
31.0939 -0.993557 2.51125
31.1313 -0.992737 2.51179
31.1693 -0.991944 2.51236
31.208 -0.991189 2.51294
31.2473 -0.990481 2.51353
31.2873 -0.989833 2.51414
31.3277 -0.989253 2.51477
31.3687 -0.988752 2.5154
31.4101 -0.988338 2.51604
31.452 -0.988021 2.51669
31.4942 -0.987806 2.51734
31.5367 -0.9877 2.51799
31.5794 -0.987708 2.51864
31.6222 -0.987832 2.51929
31.6651 -0.988074 2.51993
31.7079 -0.988433 2.52057
31.7505 -0.988907 2.52119
31.7929 -0.989492 2.52181
31.8349 -0.990181 2.5224
31.8765 -0.990966 2.52298
31.9175 -0.991836 2.52355
31.9578 -0.992781 2.52409
31.9973 -0.993785 2.52461
32.0359 -0.994833 2.52511
32.0736 -0.995908 2.52559
32.1102 -0.996994 2.52604
32.1457 -0.998071 2.52646
32.18 -0.999122 2.52686
32.2131 -1.00013 2.52723
32.245 -1.00108 2.52757
32.2758 -1.00195 2.52789
32.3054 -1.00274 2.52818
32.3341 -1.00344 2.52845
32.3619 -1.00405 2.5287
32.3891 -1.00457 2.52893
32.4159 -1.00502 2.52914
32.4026 -1.00736 2.5175
32.4364 -1.00743 2.51764
32.4703 -1.00748 2.51782
32.5044 -1.00748 2.51806
32.5388 -1.00743 2.51839
32.5735 -1.0073 2.51884
32.6087 -1.00708 2.51942
32.6444 -1.00678 2.52016
32.6807 -1.00637 2.52108
32.7177 -1.00586 2.52218
32.7553 -1.00525 2.5235
32.7938 -1.00453 2.52502
32.833 -1.00372 2.52677
32.873 -1.00283 2.52874
32.9139 -1.00186 2.53094
32.9556 -1.00082 2.53336
32.9981 -0.999731 2.536
33.0415 -0.99861 2.53884
33.0857 -0.997475 2.54188
33.1307 -0.996344 2.54508
33.1763 -0.995238 2.54844
33.2225 -0.994176 2.55191
33.2693 -0.99318 2.55548
33.3164 -0.99227 2.55909
33.3638 -0.991465 2.56271
33.4113 -0.990781 2.5663
33.4586 -0.990235 2.56979
33.5057 -0.989838 2.57312
33.5523 -0.989602 2.57625
33.5981 -0.989532 2.5791
33.6429 -0.98963 2.5816
33.6865 -0.989894 2.58369
33.7284 -0.990319 2.58528
33.7685 -0.990892 2.5863
33.8065 -0.991598 2.58668
33.842 -0.992417 2.58634
33.8749 -0.993324 2.58521
33.9047 -0.994292 2.58324
33.9314 -0.995288 2.58035
33.9546 -0.996281 2.57651
33.9744 -0.997238 2.57169
33.9906 -0.998126 2.56586
34.0032 -0.998918 2.55904
34.0125 -0.999592 2.55125
34.0187 -1.00014 2.54256
34.0223 -1.00055 2.53306
34.0239 -1.00085 2.52288
34.0161 -1.00344 2.5117
34.0029 -1.00548 2.49948
34.0274 -0.980351 2.49964
34.0522 -0.954613 2.49892
34.0779 -0.927784 2.49643
34.1045 -0.899521 2.49135
34.1324 -0.869634 2.48289
34.1617 -0.838105 2.47036
34.1927 -0.805094 2.45324
34.2252 -0.770948 2.43118
34.2592 -0.736192 2.40408
34.2945 -0.701513 2.37209
34.3305 -0.667734 2.33571
34.3667 -0.635766 2.29575
34.402 -0.606553 2.25336
34.4352 -0.580996 2.20998
34.4649 -0.559867 2.16727
34.4899 -0.543702 2.1269
34.5087 -0.532691 2.09038
34.5206 -0.526549 2.05863
34.526 -0.524388 2.03154
34.5182 -0.528041 2.02088
34.5088 -0.531695 2.01016
34.5324 -0.507834 2.01052
34.5562 -0.483367 2.00976
34.5805 -0.457791 2.0068
34.6055 -0.430724 2.0006
34.6313 -0.40192 1.99024
34.658 -0.371279 1.97494
34.6858 -0.338864 1.95411
34.7146 -0.304906 1.92741
34.7444 -0.269804 1.89482
34.7751 -0.23412 1.85665
34.8063 -0.198563 1.81362
34.8378 -0.163958 1.76688
34.8688 -0.131212 1.71802
34.8986 -0.101258 1.66903
34.9263 -0.0749854 1.6222
34.9508 -0.0531606 1.58002
34.971 -0.036327 1.54487
34.9861 -0.0246913 1.51872
34.9956 -0.0179946 1.50257
34.9999 -0.0153687 1.49582
34.9851 -0.0191719 1.48283
