0.00310548 -0.00296107 0.992662
0.00300358 -0.00309691 0.992697
0.00318756 -0.00321812 0.992731
0.003939 -0.00330837 0.992762
0.00553387 -0.00335155 0.992788
0.00824115 -0.00333182 0.992807
0.0123214 -0.00323368 0.99282
0.0180248 -0.00304205 0.992826
0.0255899 -0.00274234 0.992825
0.0352412 -0.00232057 0.992817
0.0471871 -0.00176351 0.992805
0.0616179 -0.00105884 0.99279
0.0787035 -0.000195332 0.992773
0.0985905 0.000836936 0.992757
0.1214 0.00204638 0.992745
0.147226 0.00343964 0.992739
0.176131 0.00502137 0.992743
0.208144 0.0067939 0.992759
0.243261 0.00875704 0.992789
0.281438 0.0109078 0.992838
0.322594 0.01324 0.992907
0.366604 0.0157444 0.992998
0.413305 0.0184079 0.993113
0.462489 0.0212141 0.993251
0.513906 0.0241425 0.993414
0.567266 0.027169 0.993601
0.622239 0.0302656 0.993808
0.678459 0.0334008 0.994033
0.73553 0.0365399 0.994272
0.793027 0.039645 0.994519
0.850512 0.0426762 0.994767
0.907535 0.0455923 0.99501
0.963652 0.0483515 0.995238
1.01844 0.050913 0.995442
1.0715 0.0532386 0.995614
1.1225 0.0552945 0.995744
1.17119 0.0570539 0.995823
1.21741 0.0584993 0.995845
1.26116 0.0596262 0.995805
1.30259 0.0604461 0.995703
1.34207 0.0609914 0.995543
1.38025 0.0613197 0.995335
1.38044 0.0565403 0.995555
1.41376 0.0563091 0.995654
1.44718 0.0560782 0.995643
1.48078 0.0558478 0.995413
1.51466 0.0556181 0.99486
1.54889 0.0553891 0.993885
1.58355 0.0551608 0.992393
1.61872 0.0549329 0.990294
1.65446 0.0547055 0.987506
1.69084 0.0544786 0.983954
1.7279 0.0542522 0.979572
1.7657 0.0540266 0.974302
1.80427 0.0538022 0.968097
1.84363 0.0535794 0.960921
1.88381 0.0533591 0.952751
1.9248 0.053142 0.943577
1.96659 0.0529292 0.933403
2.00918 0.0527218 0.922249
2.05251 0.0525212 0.910155
2.09654 0.0523287 0.897173
2.1412 0.0521457 0.883379
2.18641 0.0519734 0.868865
2.23207 0.0518133 0.853748
2.27806 0.0516664 0.838161
2.32425 0.0515337 0.822263
2.37048 0.051416 0.806233
2.41658 0.0513135 0.790271
2.46237 0.0512263 0.7746
2.50765 0.0511538 0.759462
2.55219 0.0510952 0.745121
2.59578 0.0510488 0.731855
2.63816 0.0510125 0.719961
2.67909 0.0509836 0.709745
2.71831 0.0509587 0.701525
2.75558 0.0509338 0.695619
2.79064 0.0509045 0.692349
2.82326 0.0508657 0.692025
2.85321 0.050812 0.694943
2.88029 0.0507378 0.701377
2.90434 0.0506375 0.711564
2.92524 0.0505056 0.725697
2.94291 0.0503372 0.743912
2.95735 0.0501283 0.766269
2.96865 0.0498762 0.792739
2.97697 0.0495798 0.823186
2.9826 0.0492407 0.85734
2.98597 0.0488634 0.894784
2.98766 0.0484566 0.934919
2.98761 0.0524212 0.933795
2.98538 0.0511823 0.934485
3.00908 0.050968 0.934662
3.03286 0.0507627 0.935415
3.05679 0.0505711 0.937309
3.08096 0.0503956 0.940895
3.10542 0.0502361 0.946709
3.13026 0.0500906 0.955266
3.15555 0.0499551 0.967055
3.18134 0.049824 0.982539
3.2077 0.0496905 1.00215
3.23469 0.0495464 1.02627
3.26236 0.0493831 1.05526
3.29076 0.0491913 1.08941
3.31994 0.0489615 1.12897
3.34994 0.0486845 1.17412
3.38078 0.0483513 1.22498
3.41249 0.0479539 1.28158
3.4451 0.047485 1.34389
3.47859 0.0469388 1.41179
3.51298 0.0463111 1.48506
3.54825 0.0455994 1.56339
3.58438 0.0448031 1.64637
3.62133 0.0439237 1.73347
3.65904 0.0429652 1.8241
3.69747 0.0419337 1.91751
3.73654 0.0408377 2.01289
3.77617 0.039688 2.10932
3.81626 0.0384974 2.20579
3.8567 0.0372811 2.30121
3.89739 0.0360554 2.39446
3.9382 0.0348385 2.48434
3.97901 0.033649 2.56967
4.0197 0.0325063 2.64926
4.06015 0.031429 2.722
4.10026 0.0304349 2.78687
4.13995 0.0295394 2.84302
4.17916 0.028755 2.8898
4.21786 0.02809 2.92688
4.25608 0.0275468 2.9543
4.29392 0.0271209 2.97255
4.33154 0.0267988 2.98276
4.3692 0.0265568 2.98672
4.36236 0.017887 2.98108
4.38887 0.0177052 2.98116
4.41543 0.0175326 2.98124
4.44209 0.0173774 2.98133
4.4689 0.0172478 2.98141
4.4959 0.0171515 2.98149
4.52316 0.017096 2.98158
4.55069 0.0170882 2.98166
4.57857 0.0171349 2.98175
4.60681 0.0172424 2.98183
4.63547 0.0174168 2.98191
4.66459 0.0176634 2.982
4.69419 0.0179875 2.98208
4.72431 0.0183935 2.98216
4.75499 0.0188857 2.98224
4.78624 0.0194677 2.98232
4.81809 0.0201424 2.9824
4.85057 0.0209125 2.98248
4.88369 0.0217799 2.98256
4.91746 0.0227457 2.98263
4.9519 0.0238108 2.98271
4.987 0.0249751 2.98279
5.02277 0.0262379 2.98286
5.0592 0.0275977 2.98294
5.09629 0.0290525 2.98302
5.13401 0.0305992 2.9831
5.17234 0.0322343 2.98318
5.21127 0.0339533 2.98326
5.25075 0.035751 2.98334
5.29076 0.0376213 2.98343
5.33123 0.0395574 2.98352
5.37214 0.0415518 2.98361
5.41341 0.0435961 2.98371
5.45499 0.0456812 2.98381
5.49681 0.0477973 2.98392
5.5388 0.0499339 2.98403
5.58088 0.05208 2.98415
5.62296 0.0542238 2.98428
5.66497 0.0563532 2.98441
5.7068 0.0584557 2.98455
5.74837 0.0605183 2.98469
5.78958 0.062528 2.98484
5.83034 0.0644715 2.985
5.87054 0.0663359 2.98516
5.91009 0.0681082 2.98533
5.94891 0.069776 2.98551
5.9869 0.0713274 2.9857
6.02398 0.0727517 2.98589
6.06009 0.0740387 2.98608
6.09516 0.0751802 2.98628
6.12915 0.0761693 2.98648
6.16204 0.0770011 2.98669
6.1938 0.0776733 2.9869
6.22447 0.0781863 2.98711
6.25408 0.0785435 2.98732
6.2827 0.0787522 2.98753
6.31047 0.0788238 2.98774
6.33752 0.0787743 2.98795
6.36406 0.0786252 2.98815
6.39036 0.0784037 2.98835
6.37789 0.0761185 2.98383
6.40437 0.0759493 2.98386
6.43091 0.0757846 2.98389
6.45754 0.0756268 2.98393
6.48432 0.0754782 2.98396
6.5113 0.0753409 2.984
6.5385 0.0752166 2.98404
6.56599 0.0751069 2.98409
6.5938 0.075013 2.98414
6.62198 0.074936 2.98419
6.65055 0.0748766 2.98425
6.67957 0.0748354 2.98432
6.70906 0.0748127 2.98439
6.73905 0.0748084 2.98446
6.76958 0.0748223 2.98454
6.80067 0.0748542 2.98463
6.83235 0.0749032 2.98472
6.86463 0.0749687 2.98482
6.89753 0.0750494 2.98493
6.93107 0.0751441 2.98504
6.96525 0.0752513 2.98517
7.00008 0.0753696 2.9853
7.03555 0.075497 2.98544
7.07167 0.0756317 2.98558
7.10843 0.0757717 2.98574
7.1458 0.0759148 2.98591
7.18378 0.0760588 2.98608
7.22233 0.0762016 2.98627
7.26142 0.0763407 2.98647
7.30102 0.076474 2.98668
7.34109 0.0765991 2.9869
7.38158 0.0767139 2.98713
7.42242 0.0768161 2.98737
7.46357 0.0769037 2.98763
7.50496 0.0769749 2.9879
7.54652 0.0770278 2.98818
7.58816 0.077061 2.98847
7.62982 0.077073 2.98878
7.6714 0.0770627 2.9891
7.71283 0.0770293 2.98943
7.754 0.0769722 2.98977
7.79482 0.0768912 2.99012
7.8352 0.0767863 2.99049
7.87505 0.0766578 2.99086
7.91427 0.0765065 2.99124
7.95278 0.0763334 2.99163
7.99048 0.0761398 2.99203
8.0273 0.0759274 2.99244
8.06318 0.0756982 2.99285
8.09804 0.0754543 2.99327
8.13185 0.0751981 2.99369
8.16457 0.0749323 2.99411
8.19621 0.0746594 2.99453
8.22677 0.0743822 2.99496
8.2563 0.0741032 2.99538
8.28487 0.0738247 2.99579
8.3126 0.0735489 2.9962
8.33963 0.0732772 2.99661
8.36617 0.0730105 2.99701
8.39247 0.0727489 2.9974
8.37956 0.0706969 2.99244
8.40604 0.0705356 2.99246
8.43256 0.0703795 2.99248
8.45919 0.0702317 2.9925
8.48596 0.0700951 2.99252
8.51291 0.0699723 2.99254
8.54011 0.0698656 2.99256
8.56758 0.0697769 2.99259
8.59538 0.0697077 2.99261
8.62354 0.0696594 2.99263
8.6521 0.069633 2.99266
8.6811 0.0696292 2.99268
8.71056 0.0696482 2.99271
8.74054 0.0696901 2.99273
8.77104 0.0697547 2.99276
8.80211 0.0698413 2.99278
8.83376 0.069949 2.9928
8.86601 0.0700768 2.99282
8.89889 0.0702231 2.99284
8.9324 0.0703863 2.99286
8.96655 0.0705645 2.99288
9.00135 0.0707555 2.9929
9.0368 0.0709568 2.99292
9.07289 0.0711661 2.99294
9.10962 0.0713805 2.99295
9.14697 0.0715973 2.99297
9.18492 0.0718134 2.99299
9.22345 0.072026 2.99301
9.26252 0.0722319 2.99304
9.30211 0.0724282 2.99307
9.34217 0.0726118 2.9931
9.38264 0.0727799 2.99313
9.42349 0.0729295 2.99317
9.46464 0.073058 2.99322
9.50604 0.073163 2.99328
9.54761 0.0732423 2.99334
9.58928 0.0732937 2.99342
9.63096 0.0733157 2.9935
9.67258 0.073307 2.9936
9.71404 0.0732665 2.99371
9.75525 0.0731936 2.99383
9.79613 0.0730883 2.99397
9.83656 0.0729508 2.99413
9.87647 0.0727818 2.9943
9.91576 0.0725826 2.99449
9.95432 0.0723547 2.9947
9.99209 0.0721002 2.99493
10.029 0.0718217 2.99518
10.0649 0.071522 2.99545
10.0998 0.0712042 2.99574
10.1337 0.0708719 2.99605
10.1665 0.0705287 2.99638
10.1982 0.0701783 2.99673
10.2288 0.0698244 2.99709
10.2584 0.0694705 2.99748
10.287 0.0691198 2.99787
10.3147 0.0687748 2.99828
10.3417 0.0684375 2.99869
10.3683 0.0681087 2.99912
10.3946 0.067788 2.99954
10.3816 0.0659122 2.99405
10.408 0.0657566 2.99406
10.4345 0.0656066 2.99408
10.4612 0.065466 2.99409
10.4879 0.0653382 2.99411
10.5149 0.065226 2.99413
10.542 0.065132 2.99415
10.5695 0.0650585 2.99417
10.5973 0.0650072 2.9942
10.6254 0.0649797 2.99423
10.6539 0.064977 2.99426
10.6829 0.0649997 2.99429
10.7124 0.0650481 2.99432
10.7423 0.0651222 2.99436
10.7728 0.0652216 2.99439
10.8038 0.0653453 2.99443
10.8355 0.0654922 2.99447
10.8677 0.0656607 2.99451
10.9005 0.0658491 2.99455
10.934 0.0660551 2.99459
10.9681 0.0662763 2.99463
11.0029 0.0665099 2.99467
11.0383 0.066753 2.99472
11.0744 0.0670024 2.99476
11.1111 0.0672548 2.99481
11.1484 0.0675066 2.99485
11.1863 0.0677542 2.9949
11.2248 0.067994 2.99496
11.2639 0.0682223 2.99501
11.3035 0.0684354 2.99507
11.3435 0.0686297 2.99513
11.384 0.0688018 2.9952
11.4248 0.0689483 2.99527
11.466 0.0690662 2.99535
11.5074 0.0691527 2.99544
11.5489 0.0692051 2.99553
11.5906 0.0692215 2.99564
11.6323 0.0692 2.99575
11.674 0.0691395 2.99588
11.7155 0.069039 2.99602
11.7568 0.0688984 2.99617
11.7977 0.0687179 2.99633
11.8382 0.0684984 2.99651
11.8781 0.0682413 2.99671
11.9175 0.0679486 2.99693
11.9561 0.0676229 2.99716
11.994 0.0672673 2.99741
12.0309 0.0668853 2.99768
12.0669 0.0664812 2.99797
12.1019 0.0660593 2.99827
12.1358 0.0656243 2.9986
12.1687 0.065181 2.99894
12.2004 0.0647345 2.99931
12.2311 0.0642894 2.99969
12.2607 0.0638501 3.00008
12.2893 0.0634204 3.00049
12.3171 0.0630032 3.00091
12.3442 0.0626004 3.00134
12.3707 0.0622122 3.00177
12.397 0.0618369 3.00221
12.3828 0.0598355 2.99599
12.4092 0.0596797 2.99601
12.4357 0.0595309 2.99603
12.4622 0.0593934 2.99605
12.489 0.0592715 2.99608
12.5159 0.0591686 2.9961
12.543 0.0590879 2.99613
12.5704 0.0590321 2.99616
12.5982 0.0590036 2.9962
12.6263 0.0590041 2.99623
12.6548 0.059035 2.99627
12.6837 0.0590972 2.99631
12.7131 0.0591912 2.99636
12.743 0.059317 2.9964
12.7735 0.0594742 2.99645
12.8045 0.0596617 2.9965
12.8361 0.0598783 2.99655
12.8682 0.0601223 2.99661
12.901 0.0603914 2.99666
12.9345 0.0606832 2.99671
12.9686 0.0609947 2.99677
13.0033 0.0613228 2.99682
13.0387 0.0616638 2.99687
13.0747 0.062014 2.99693
13.1114 0.0623695 2.99698
13.1487 0.0627258 2.99704
13.1866 0.0630789 2.9971
13.2251 0.0634241 2.99716
13.2642 0.0637572 2.99721
13.3037 0.0640735 2.99728
13.3438 0.0643688 2.99734
13.3843 0.0646389 2.99741
13.4251 0.0648797 2.99748
13.4663 0.0650874 2.99755
13.5077 0.0652586 2.99763
13.5494 0.0653903 2.99771
13.5911 0.0654797 2.99781
13.6329 0.0655248 2.99791
13.6746 0.0655239 2.99802
13.7162 0.065476 2.99814
13.7575 0.0653807 2.99827
13.7985 0.0652383 2.99841
13.8391 0.0650497 2.99857
13.8792 0.0648167 2.99874
13.9187 0.0645415 2.99892
13.9574 0.0642273 2.99912
13.9954 0.0638777 2.99934
14.0324 0.0634969 2.99958
14.0686 0.06309 2.99983
14.1037 0.0626621 3.0001
14.1377 0.062219 3.00039
14.1707 0.0617664 3.0007
14.2025 0.0613102 3.00102
14.2333 0.060856 3.00136
14.263 0.0604092 3.00172
14.2917 0.0599741 3.00209
14.3195 0.0595543 3.00247
14.3466 0.0591519 3.00286
14.3733 0.058767 3.00325
14.3996 0.0583975 3.00365
14.3846 0.0561857 2.99653
14.4111 0.0560383 2.99655
14.4375 0.0558984 2.99657
14.4641 0.0557708 2.99659
14.4908 0.05566 2.99662
14.5177 0.0555697 2.99665
14.5448 0.0555034 2.99669
14.5722 0.0554641 2.99673
14.6 0.0554542 2.99677
14.628 0.0554755 2.99682
14.6565 0.0555296 2.99688
14.6854 0.0556171 2.99694
14.7148 0.0557386 2.99701
14.7447 0.0558937 2.99708
14.7751 0.0560819 2.99715
14.8061 0.056302 2.99724
14.8376 0.0565522 2.99732
14.8698 0.0568305 2.99741
14.9026 0.0571342 2.99751
14.936 0.0574604 2.9976
14.97 0.0578055 2.9977
15.0047 0.0581658 2.99781
15.04 0.0585371 2.99792
15.076 0.0589151 2.99803
15.1127 0.0592952 2.99814
15.1499 0.0596724 2.99826
15.1878 0.0600419 2.99838
15.2263 0.0603986 2.9985
15.2653 0.0607375 2.99863
15.3048 0.0610536 2.99876
15.3448 0.0613421 2.99889
15.3853 0.0615982 2.99903
15.4261 0.0618177 2.99917
15.4673 0.0619964 2.99931
15.5087 0.0621308 2.99946
15.5504 0.0622177 2.99962
15.5921 0.0622545 2.99978
15.6339 0.0622391 2.99995
15.6756 0.0621703 3.00013
15.7172 0.0620474 3.00031
15.7586 0.0618707 3.0005
15.7996 0.061641 3.00071
15.8403 0.0613602 3.00092
15.8804 0.0610308 3.00114
15.9199 0.0606563 3.00138
15.9587 0.060241 3.00162
15.9967 0.0597898 3.00188
16.0338 0.0593083 3.00215
16.07 0.0588029 3.00244
16.1052 0.0582803 3.00273
16.1393 0.0577474 3.00304
16.1723 0.0572116 3.00337
16.2042 0.0566799 3.0037
16.235 0.0561589 3.00405
16.2647 0.0556547 3.0044
16.2934 0.0551723 3.00477
16.3213 0.0547152 3.00514
16.3485 0.0542851 3.00551
16.3751 0.053881 3.00589
16.4014 0.053499 3.00626
16.3858 0.0510553 2.99825
16.4127 0.0509141 2.99827
16.4396 0.0507813 2.99829
16.4666 0.0506627 2.99832
16.4937 0.0505634 2.99835
16.5211 0.0504879 2.99839
16.5487 0.0504403 2.99843
16.5766 0.0504238 2.99848
16.6048 0.0504414 2.99853
16.6334 0.0504952 2.99859
16.6624 0.0505866 2.99866
16.6919 0.0507166 2.99874
16.7219 0.0508855 2.99883
16.7523 0.0510928 2.99892
16.7834 0.0513378 2.99901
16.815 0.0516187 2.99912
16.8472 0.0519334 2.99923
16.88 0.0522792 2.99935
16.9135 0.0526528 2.99947
16.9477 0.0530504 2.9996
16.9825 0.0534677 2.99973
17.018 0.0539 2.99987
17.0541 0.0543424 3.00001
17.0909 0.0547894 3.00015
17.1284 0.0552353 3.0003
17.1665 0.0556743 3.00045
17.2053 0.0561005 3.00061
17.2446 0.0565079 3.00077
17.2845 0.0568904 3.00093
17.3249 0.0572423 3.0011
17.3659 0.0575579 3.00127
17.4072 0.0578318 3.00145
17.4489 0.058059 3.00162
17.4909 0.0582352 3.0018
17.5332 0.0583564 3.00199
17.5756 0.0584193 3.00218
17.6181 0.0584213 3.00238
17.6606 0.0583608 3.00258
17.703 0.0582368 3.00279
17.7452 0.0580495 3.003
17.7872 0.0577999 3.00322
17.8287 0.0574901 3.00345
17.8697 0.0571231 3.00369
17.9101 0.056703 3.00394
17.9498 0.056235 3.00419
17.9888 0.0557251 3.00446
18.0268 0.0551801 3.00474
18.0639 0.0546077 3.00503
18.0999 0.0540161 3.00533
18.1349 0.053414 3.00564
18.1687 0.05281 3.00596
18.2013 0.0522129 3.00629
18.2328 0.0516309 3.00663
18.2632 0.0510713 3.00698
18.2926 0.0505403 3.00734
18.321 0.0500419 3.0077
18.3487 0.0495781 3.00806
18.3758 0.0491476 3.00843
18.4026 0.048745 3.00879
18.3867 0.0463143 2.99994
18.4135 0.0461794 2.99997
18.4404 0.0460536 2.99999
18.4674 0.0459431 3.00002
18.4946 0.0458536 3.00006
18.5219 0.0457901 3.0001
18.5495 0.045757 3.00015
18.5774 0.045758 3.0002
18.6056 0.0457961 3.00027
18.6342 0.0458738 3.00034
18.6632 0.0459926 3.00042
18.6926 0.0461535 3.00051
18.7226 0.0463568 3.00062
18.753 0.0466021 3.00073
18.784 0.0468881 3.00084
18.8156 0.0472132 3.00097
18.8478 0.0475748 3.00111
18.8806 0.0479699 3.00125
18.9141 0.0483947 3.0014
18.9482 0.0488449 3.00156
18.983 0.0493159 3.00172
19.0184 0.0498023 3.00189
19.0546 0.0502984 3.00207
19.0914 0.0507982 3.00225
19.1288 0.0512954 3.00243
19.1669 0.0517834 3.00262
19.2057 0.0522557 3.00281
19.245 0.0527055 3.00301
19.2849 0.0531261 3.00321
19.3253 0.0535111 3.00342
19.3662 0.0538543 3.00362
19.4076 0.0541497 3.00383
19.4493 0.054392 3.00405
19.4914 0.0545762 3.00426
19.5337 0.0546981 3.00448
19.5761 0.0547543 3.00471
19.6187 0.054742 3.00493
19.6612 0.0546596 3.00516
19.7037 0.0545063 3.0054
19.7459 0.0542826 3.00564
19.7879 0.0539898 3.00588
19.8295 0.0536307 3.00613
19.8706 0.0532088 3.00639
19.9111 0.0527293 3.00665
19.9509 0.0521981 3.00692
19.9899 0.0516223 3.0072
20.028 0.05101 3.00749
20.0652 0.0503701 3.00778
20.1013 0.049712 3.00808
20.1363 0.0490457 3.00839
20.1702 0.0483813 3.00871
20.2029 0.0477286 3.00904
20.2345 0.0470971 3.00937
20.2649 0.0464948 3.00972
20.2943 0.0459286 3.01006
20.3228 0.045403 3.01041
20.3505 0.0449196 3.01077
20.3776 0.0444765 3.01112
20.4045 0.0440671 3.01147
20.3876 0.0426668 3.00213
20.4145 0.0425256 3.00216
20.4414 0.0423939 3.00218
20.4683 0.0422784 3.00222
20.4955 0.042185 3.00225
20.5228 0.0421192 3.0023
20.5504 0.0420856 3.00235
20.5783 0.0420882 3.00242
20.6064 0.0421302 3.00249
20.635 0.042214 3.00258
20.664 0.0423414 3.00268
20.6934 0.0425133 3.00279
20.7233 0.0427298 3.00291
20.7538 0.0429903 3.00305
20.7847 0.0432936 3.00319
20.8163 0.0436375 3.00335
20.8485 0.0440192 3.00352
20.8812 0.0444352 3.00369
20.9147 0.0448814 3.00388
20.9487 0.0453531 3.00408
20.9835 0.0458448 3.00428
21.0189 0.0463507 3.0045
21.055 0.0468646 3.00472
21.0917 0.0473797 3.00495
21.1291 0.0478893 3.00518
21.1672 0.048386 3.00543
21.2059 0.0488627 3.00567
21.2452 0.049312 3.00592
21.2851 0.0497268 3.00618
21.3255 0.0501 3.00644
21.3664 0.0504249 3.0067
21.4077 0.0506953 3.00697
21.4494 0.0509054 3.00723
21.4914 0.0510502 3.0075
21.5337 0.0511251 3.00778
21.5762 0.0511269 3.00805
21.6187 0.0510529 3.00833
21.6613 0.0509017 3.00861
21.7038 0.050673 3.00889
21.7461 0.0503676 3.00917
21.7881 0.0499877 3.00945
21.8297 0.0495368 3.00974
21.8709 0.0490194 3.01003
21.9114 0.0484418 3.01032
21.9513 0.0478111 3.01062
21.9904 0.0471358 3.01092
22.0286 0.0464253 3.01122
22.0658 0.0456899 3.01153
22.102 0.0449406 3.01184
22.137 0.0441889 3.01215
22.171 0.0434462 3.01247
22.2038 0.0427238 3.01279
22.2354 0.042032 3.01312
22.2659 0.04138 3.01345
22.2953 0.0407751 3.01378
22.3238 0.0402218 3.01412
22.3515 0.0397214 3.01445
22.3787 0.0392707 3.01478
22.4055 0.0388613 3.01511
22.3897 0.0369457 3.00419
22.4165 0.0368206 3.0042
22.4434 0.0367059 3.00422
22.4704 0.0366088 3.00424
22.4976 0.0365359 3.00427
22.5249 0.0364931 3.00431
22.5525 0.0364855 3.00435
22.5803 0.0365172 3.00441
22.6085 0.0365919 3.00448
22.6371 0.0367121 3.00456
22.6661 0.0368797 3.00466
22.6955 0.0370956 3.00477
22.7254 0.0373602 3.00489
22.7559 0.0376726 3.00502
22.7868 0.0380314 3.00517
22.8184 0.0384344 3.00533
22.8505 0.0388783 3.0055
22.8833 0.0393593 3.00569
22.9167 0.039873 3.00588
22.9508 0.040414 3.00609
22.9855 0.0409764 3.0063
23.0209 0.041554 3.00653
23.057 0.0421397 3.00676
23.0937 0.0427263 3.007
23.1311 0.0433061 3.00725
23.1692 0.0438713 3.0075
23.2079 0.0444139 3.00776
23.2472 0.044926 3.00803
23.287 0.0453996 3.0083
23.3274 0.045827 3.00857
23.3683 0.046201 3.00885
23.4097 0.0465146 3.00913
23.4514 0.0467616 3.00941
23.4935 0.0469364 3.00969
23.5358 0.0470343 3.00998
23.5783 0.0470516 3.01027
23.6209 0.0469855 3.01055
23.6635 0.0468344 3.01084
23.706 0.0465982 3.01113
23.7484 0.0462778 3.01143
23.7905 0.0458758 3.01172
23.8321 0.0453959 3.01202
23.8734 0.0448435 3.01231
23.914 0.0442254 3.01261
23.9539 0.0435495 3.01291
23.9931 0.0428253 3.01322
24.0313 0.0420632 3.01353
24.0686 0.0412748 3.01384
24.1049 0.0404722 3.01416
24.1401 0.039668 3.01448
24.1741 0.038875 3.0148
24.2069 0.0381054 3.01513
24.2386 0.0373709 3.01547
24.2691 0.0366814 3.01581
24.2986 0.0360448 3.01615
24.3271 0.0354663 3.0165
24.3548 0.0349469 3.01685
24.382 0.0344832 3.0172
24.4088 0.0340655 3.01755
24.3927 0.0308724 3.00619
24.4195 0.0307721 3.0062
24.4464 0.0306829 3.00622
24.4734 0.0306126 3.00624
24.5006 0.030568 3.00627
24.5279 0.0305552 3.00631
24.5555 0.0305794 3.00636
24.5834 0.030645 3.00642
24.6116 0.0307555 3.0065
24.6402 0.0309137 3.00659
24.6692 0.0311211 3.00669
24.6986 0.0313788 3.00681
24.7285 0.0316866 3.00695
24.7589 0.0320436 3.00709
24.7899 0.032448 3.00726
24.8214 0.032897 3.00744
24.8535 0.0333871 3.00763
24.8863 0.0339139 3.00783
24.9197 0.0344722 3.00805
24.9537 0.0350563 3.00828
24.9884 0.0356596 3.00853
25.0238 0.0362749 3.00878
25.0598 0.0368947 3.00904
25.0965 0.0375108 3.00931
25.1339 0.0381151 3.00959
25.1719 0.0386987 3.00988
25.2106 0.0392531 3.01018
25.2498 0.0397694 3.01048
25.2896 0.0402393 3.01078
25.33 0.0406543 3.0111
25.3709 0.0410065 3.01141
25.4122 0.0412886 3.01173
25.4539 0.041494 3.01205
25.4959 0.0416166 3.01238
25.5382 0.0416516 3.0127
25.5807 0.0415951 3.01303
25.6233 0.0414444 3.01336
25.6659 0.0411983 3.01369
25.7084 0.0408566 3.01402
25.7508 0.040421 3.01435
25.7929 0.0398944 3.01469
25.8346 0.0392816 3.01502
25.8758 0.0385888 3.01536
25.9164 0.0378237 3.0157
25.9564 0.0369956 3.01604
25.9956 0.0361152 3.01639
26.0339 0.0351944 3.01673
26.0712 0.0342462 3.01708
26.1075 0.0332842 3.01744
26.1426 0.0323227 3.01779
26.1767 0.0313759 3.01816
26.2095 0.0304576 3.01852
26.2412 0.0295804 3.01889
26.2717 0.0287556 3.01927
26.3012 0.0279918 3.01965
26.3297 0.0272944 3.02003
26.3574 0.0266645 3.02041
26.3845 0.0260977 3.0208
26.4113 0.0255831 3.02118
26.3944 0.022441 3.00882
26.4213 0.0223508 3.00883
26.4482 0.0222725 3.00885
26.4752 0.0222146 3.00887
26.5023 0.0221847 3.0089
26.5297 0.0221893 3.00894
26.5572 0.0222343 3.00899
26.5851 0.0223245 3.00906
26.6133 0.0224639 3.00914
26.6418 0.0226554 3.00924
26.6708 0.022901 3.00935
26.7002 0.0232018 3.00948
26.7301 0.0235579 3.00962
26.7605 0.0239682 3.00979
26.7914 0.024431 3.00996
26.8229 0.0249433 3.01016
26.855 0.0255014 3.01036
26.8878 0.0261006 3.01059
26.9211 0.0267355 3.01083
26.9551 0.0273997 3.01108
26.9898 0.0280863 3.01134
27.0251 0.0287877 3.01162
27.0611 0.0294954 3.0119
27.0978 0.030201 3.0122
27.1351 0.0308954 3.0125
27.1731 0.0315691 3.01282
27.2117 0.0322129 3.01314
27.251 0.0328172 3.01346
27.2908 0.0333727 3.0138
27.3311 0.0338704 3.01414
27.372 0.0343017 3.01448
27.4133 0.0346585 3.01482
27.455 0.0349336 3.01517
27.497 0.0351203 3.01552
27.5393 0.0352134 3.01587
27.5818 0.0352084 3.01622
27.6244 0.0351023 3.01657
27.667 0.0348937 3.01692
27.7096 0.0345822 3.01727
27.752 0.0341695 3.01762
27.7941 0.0336586 3.01797
27.8359 0.0330545 3.01832
27.8772 0.0323637 3.01867
27.9179 0.0315944 3.01902
27.9579 0.0307566 3.01937
27.9971 0.0298617 3.01972
28.0355 0.0289223 3.02007
28.0729 0.0279524 3.02043
28.1092 0.0269666 3.02078
28.1444 0.0259803 3.02113
28.1785 0.0250086 3.02149
28.2114 0.0240664 3.02185
28.2431 0.0231676 3.02221
28.2737 0.022324 3.02257
28.3032 0.0215451 3.02294
28.3317 0.0208368 3.02331
28.3594 0.0202003 3.02367
28.3866 0.0196312 3.02404
28.4134 0.0191177 3.0244
28.3966 0.0179926 3.01141
28.4235 0.0179018 3.01142
28.4504 0.0178234 3.01143
28.4774 0.0177665 3.01145
28.5045 0.0177392 3.01147
28.5319 0.0177486 3.01151
28.5594 0.0178011 3.01156
28.5873 0.0179019 3.01163
28.6155 0.0180553 3.01172
28.644 0.0182646 3.01182
28.673 0.0185318 3.01194
28.7023 0.0188583 3.01208
28.7322 0.0192441 3.01224
28.7626 0.0196883 3.01242
28.7935 0.0201889 3.01261
28.825 0.0207429 3.01283
28.857 0.0213463 3.01306
28.8897 0.0219942 3.01331
28.923 0.0226807 3.01358
28.957 0.0233992 3.01386
28.9916 0.0241421 3.01416
29.0269 0.0249014 3.01447
29.0629 0.0256683 3.0148
29.0995 0.0264334 3.01513
29.1368 0.0271871 3.01548
29.1748 0.0279195 3.01584
29.2133 0.0286205 3.01621
29.2525 0.0292801 3.01658
29.2923 0.0298882 3.01696
29.3326 0.0304353 3.01735
29.3734 0.0309122 3.01774
29.4147 0.0313103 3.01814
29.4564 0.0316219 3.01853
29.4984 0.0318401 3.01893
29.5407 0.031959 3.01933
29.5831 0.0319743 3.01973
29.6257 0.0318827 3.02012
29.6684 0.0316827 3.02052
29.7109 0.0313743 3.02091
29.7533 0.030959 3.0213
29.7955 0.0304406 3.02168
29.8373 0.0298243 3.02206
29.8786 0.0291173 3.02244
29.9193 0.0283286 3.02281
29.9594 0.0274689 3.02318
29.9987 0.0265506 3.02354
30.0371 0.0255874 3.02389
30.0745 0.0245944 3.02425
30.1109 0.0235873 3.02459
30.1462 0.0225827 3.02494
30.1803 0.0215969 3.02528
30.2132 0.0206459 3.02561
30.245 0.0197443 3.02595
30.2756 0.0189051 3.02627
30.3051 0.018138 3.0266
30.3336 0.017449 3.02692
30.3613 0.0168394 3.02724
30.3885 0.0163038 3.02755
30.4153 0.0158291 3.02786
30.3975 0.0148343 3.0138
30.4244 0.0147572 3.01381
30.4513 0.0146928 3.01382
30.4783 0.0146502 3.01384
30.5054 0.0146376 3.01387
30.5327 0.0146623 3.01391
30.5603 0.0147304 3.01397
30.5881 0.0148472 3.01404
30.6163 0.0150168 3.01414
30.6448 0.0152423 3.01425
30.6738 0.0155256 3.01438
30.7031 0.0158675 3.01453
30.733 0.0162679 3.0147
30.7633 0.0167255 3.01489
30.7942 0.0172377 3.01511
30.8257 0.0178012 3.01534
30.8578 0.0184113 3.0156
30.8904 0.0190627 3.01587
30.9237 0.0197488 3.01616
30.9577 0.0204624 3.01647
30.9923 0.0211953 3.0168
31.0276 0.0219388 3.01714
31.0635 0.0226836 3.0175
31.1001 0.0234196 3.01787
31.1374 0.0241367 3.01825
31.1754 0.0248243 3.01864
31.214 0.025472 3.01905
31.2531 0.0260691 3.01946
31.2929 0.0266053 3.01988
31.3332 0.0270707 3.0203
31.3741 0.0274561 3.02073
31.4154 0.0277526 3.02116
31.4571 0.0279525 3.0216
31.4991 0.0280491 3.02203
31.5415 0.0280371 3.02247
31.584 0.0279123 3.0229
31.6267 0.0276721 3.02333
31.6694 0.0273158 3.02376
31.712 0.0268442 3.02418
31.7545 0.0262601 3.0246
31.7967 0.0255684 3.02501
31.8386 0.0247758 3.02541
31.88 0.023891 3.02581
31.9209 0.0229248 3.0262
31.961 0.0218896 3.02658
32.0004 0.0207996 3.02696
32.0389 0.0196707 3.02732
32.0764 0.0185197 3.02768
32.1129 0.0173645 3.02803
32.1483 0.0162233 3.02837
32.1825 0.0151142 3.02871
32.2155 0.0140546 3.02903
32.2473 0.0130605 3.02935
32.278 0.0121453 3.02967
32.3075 0.0113192 3.02997
32.3361 0.0105881 3.03027
32.3638 0.00995171 3.03057
32.391 0.00940275 3.03085
32.4178 0.00892502 3.03113
32.4031 0.00620493 3.01932
32.4369 0.0061118 3.01947
32.4708 0.00604063 3.01965
32.5049 0.00600866 3.0199
32.5393 0.00603068 3.02023
32.574 0.00611891 3.02068
32.6091 0.00628297 3.02126
32.6448 0.00652983 3.022
32.6811 0.00686377 3.02292
32.718 0.00728637 3.02403
32.7556 0.00779653 3.02534
32.794 0.00839047 3.02686
32.8332 0.00906187 3.0286
32.8732 0.00980194 3.03057
32.914 0.0105996 3.03276
32.9557 0.0114415 3.03518
32.9982 0.0123126 3.0378
33.0416 0.0131962 3.04063
33.0857 0.0140741 3.04365
33.1306 0.0149272 3.04685
33.1762 0.0157361 3.05019
33.2224 0.0164809 3.05365
33.2691 0.0171422 3.05719
33.3162 0.0177015 3.06079
33.3636 0.0181413 3.0644
33.411 0.0184462 3.06796
33.4583 0.018603 3.07143
33.5053 0.0186014 3.07475
33.5519 0.0184342 3.07787
33.5976 0.0180983 3.0807
33.6424 0.0175944 3.08319
33.6859 0.0169277 3.08526
33.7278 0.0161081 3.08684
33.7679 0.0151502 3.08786
33.8058 0.0140732 3.08823
33.8413 0.0129008 3.08789
33.8741 0.0116608 3.08677
33.9039 0.0103845 3.0848
33.9305 0.00910532 3.08192
33.9537 0.00785843 3.0781
33.9735 0.00667846 3.07329
33.9896 0.00559804 3.06748
34.0023 0.00464508 3.06069
34.0116 0.00384051 3.05293
34.0178 0.00319439 3.04426
34.0213 0.0027023 3.0348
34.0229 0.00234067 3.02466
34.0147 -0.00190368 3.01387
33.9992 -0.00203767 2.99979
34.0343 -0.00204573 2.9998
34.0705 -0.00149962 2.99729
34.1088 -0.000205379 2.98981
34.1499 0.00167188 2.97516
34.1943 0.00364358 2.9516
34.242 0.00499259 2.91813
34.2928 0.00493485 2.87472
34.3453 0.00283824 2.82257
34.3973 -0.00153254 2.7642
34.4455 -0.00780337 2.70344
34.4859 -0.0149012 2.6449
34.5144 -0.0212153 2.59312
34.5287 -0.0251796 2.55069
34.5214 -0.0294997 2.5394
34.507 -0.0296909 2.52547
34.5422 -0.029628 2.52545
34.5783 -0.0288193 2.52272
34.6164 -0.0269009 2.51464
34.6571 -0.0239032 2.49886
34.7009 -0.0202282 2.47357
34.7479 -0.0165702 2.43772
34.7976 -0.0137679 2.39134
34.8489 -0.0125956 2.33576
34.8997 -0.0135199 2.27378
34.9468 -0.0164733 2.20952
34.9861 -0.0207266 2.14801
35.0138 -0.0249777 2.0941
35.0277 -0.0278119 2.05059
35.018 -0.0306708 2.03753
35.0094 -0.031109 2.02671
